0020,0,2,2
0021,1,1,3
0022,3,0,3
0023,7,0,7
0024,5,0,5
0025,7,0,7
0026,6,0,6
0027,1,0,1
0028,3,1,4
0029,3,0,4
002a,7,0,7
002b,5,0,5
002c,2,0,3
002d,5,0,5
002e,1,1,3
002f,3,1,5
0030,5,0,5
0031,2,0,3
0032,5,0,5
0033,5,0,5
0034,6,0,6
0035,5,0,5
0036,5,0,5
0037,5,0,5
0038,5,0,5
0039,5,0,5
003a,1,1,3
003b,2,0,3
003c,3,1,5
003d,5,0,5
003e,3,1,5
003f,4,0,4
0040,7,0,7
0041,5,0,5
0042,5,0,5
0043,5,0,5
0044,5,0,5
0045,4,0,4
0046,4,0,4
0047,5,0,5
0048,5,0,5
0049,1,0,1
004a,4,0,4
004b,5,0,5
004c,4,0,4
004d,5,0,5
004e,5,0,5
004f,5,0,5
0050,5,0,5
0051,5,0,5
0052,5,0,5
0053,4,0,4
0054,5,0,5
0055,5,0,5
0056,5,0,5
0057,5,0,5
0058,5,0,5
0059,5,0,5
005a,4,0,4
005b,3,1,4
005c,3,1,5
005d,3,0,4
005e,3,0,3
005f,5,0,5
0060,2,0,2
0061,5,0,5
0062,5,0,5
0063,5,0,5
0064,5,0,5
0065,5,0,5
0066,4,0,4
0067,5,0,5
0068,5,0,5
0069,1,0,1
006a,3,0,3
006b,4,0,4
006c,2,0,2
006d,7,0,7
006e,5,0,5
006f,5,0,5
0070,5,0,5
0071,5,0,5
0072,4,0,4
0073,4,0,4
0074,4,0,4
0075,5,0,5
0076,5,0,5
0077,5,0,5
0078,5,0,5
0079,5,0,5
007a,5,0,5
007b,4,1,5
007c,1,1,3
007d,4,0,5
007e,5,1,7
00a0,0,7,7
00a1,1,1,3
00a2,6,0,6
00a3,5,0,5
00a4,7,0,7
00a5,5,0,5
00a6,1,1,3
00a7,4,0,4
00a8,3,0,3
00a9,9,0,9
00aa,3,0,3
00ab,6,1,7
00ac,7,0,7
00ad,5,0,5
00ae,9,0,9
00af,7,0,7
00b0,3,0,3
00b1,5,0,5
00b2,3,0,3
00b3,3,0,3
00b4,3,0,3
00b5,5,0,5
00b6,5,0,5
00b7,3,0,3
00b8,2,1,4
00b9,2,0,3
00ba,3,0,3
00bb,6,0,7
00bc,9,0,9
00bd,9,0,9
00be,9,0,9
00bf,4,0,5
00c0,5,0,5
00c1,5,0,5
00c2,5,0,5
00c3,5,0,5
00c4,5,0,5
00c5,5,0,5
00c6,7,0,7
00c7,4,0,5
00c8,4,0,4
00c9,4,0,4
00ca,4,0,4
00cb,4,0,4
00cc,2,1,5
00cd,2,2,5
00ce,3,1,5
00cf,3,1,5
00d0,6,0,6
00d1,5,0,5
00d2,5,0,5
00d3,5,0,5
00d4,5,0,5
00d5,5,0,5
00d6,5,0,5
00d7,5,0,5
00d8,7,0,7
00d9,5,0,5
00da,5,0,5
00db,5,0,5
00dc,5,0,5
00dd,5,0,5
00de,5,0,5
00df,5,0,5
00e0,5,0,5
00e1,5,0,5
00e2,5,0,5
00e3,5,0,5
00e4,5,0,5
00e5,5,0,5
00e6,7,0,7
00e7,4,0,5
00e8,5,0,5
00e9,5,0,5
00ea,5,0,5
00eb,5,0,5
00ec,2,0,3
00ed,2,1,3
00ee,3,0,3
00ef,3,0,3
00f0,5,0,5
00f1,5,0,5
00f2,5,0,5
00f3,5,0,5
00f4,5,0,5
00f5,5,0,5
00f6,5,0,5
00f7,5,0,5
00f8,7,0,7
00f9,5,0,5
00fa,5,0,5
00fb,5,0,5
00fc,5,0,5
00fd,5,0,5
00fe,5,0,5
00ff,5,0,5
0152,7,0,7
0153,7,0,7
0160,4,0,4
0161,4,0,4
0178,5,0,5
017d,4,0,4
017e,5,0,5
0192,5,0,5
02c6,3,0,3
02dc,4,0,4
0391,9,0,9
0392,6,1,9
0393,5,2,9
0394,9,0,9
0395,6,1,9
0396,7,1,9
0397,7,1,9
0398,7,1,9
0399,1,4,9
039a,7,1,9
039b,9,0,9
039c,9,0,9
039d,7,1,9
039e,7,1,9
039f,7,1,9
03a0,6,1,9
03a1,6,1,9
03a3,7,1,9
03a4,7,1,9
03a5,9,0,9
03a6,9,0,9
03a7,7,1,9
03a8,7,1,9
03a9,8,0,9
03b1,7,1,9
03b2,5,2,9
03b3,7,1,9
03b4,5,2,9
03b5,5,2,9
03b6,5,2,9
03b7,6,1,9
03b8,6,1,9
03b9,3,3,9
03ba,5,2,9
03bb,8,0,9
03bc,6,1,9
03bd,7,1,9
03be,6,1,9
03bf,6,1,9
03c0,7,1,9
03c1,6,1,9
03c3,7,1,9
03c4,6,1,9
03c5,6,1,9
03c6,7,1,9
03c7,7,1,9
03c8,8,0,9
03c9,9,0,9
0401,6,1,9
0410,9,0,9
0411,6,1,9
0412,6,1,9
0413,5,2,9
0414,8,0,9
0415,6,1,9
0416,9,0,9
0417,6,1,9
0418,7,1,9
0419,7,1,9
041a,7,1,9
041b,6,1,9
041c,9,0,9
041d,7,1,9
041e,7,1,9
041f,6,1,9
0420,6,1,9
0421,7,1,9
0422,7,1,9
0423,7,1,9
0424,9,0,9
0425,7,1,9
0426,7,1,9
0427,6,1,9
0428,7,1,9
0429,8,0,9
042a,8,0,9
042b,8,0,9
042c,6,1,9
042d,7,1,9
042e,9,0,9
042f,6,1,9
0430,6,1,9
0431,6,1,9
0432,5,2,9
0433,5,2,9
0434,6,1,9
0435,6,1,9
0436,9,0,9
0437,5,2,9
0438,6,1,9
0439,6,1,9
043a,5,2,9
043b,6,1,9
043c,7,1,9
043d,6,1,9
043e,6,1,9
043f,6,1,9
0440,6,1,9
0441,6,1,9
0442,7,1,9
0443,7,1,9
0444,9,0,9
0445,7,1,9
0446,7,1,9
0447,6,1,9
0448,7,1,9
0449,8,0,9
044a,7,1,9
044b,7,1,9
044c,5,2,9
044d,6,1,9
044e,8,0,9
044f,5,2,9
0451,6,1,9
2010,4,2,9
2013,7,0,7
2014,9,0,9
2015,9,0,9
2018,2,1,3
2019,2,0,3
201a,2,0,3
201c,4,1,5
201d,4,0,5
201e,4,0,5
2020,3,0,3
2021,3,0,3
2022,4,0,4
2025,6,1,9
2026,5,0,6
2030,8,0,8
2032,3,0,9
2033,5,0,9
2039,3,1,4
203a,3,1,4
203b,9,0,9
20ac,6,0,6
2103,9,0,9
2116,9,0,9
2121,9,0,9
2122,9,0,9
212b,7,1,9
2160,1,4,9
2161,3,3,9
2162,5,2,9
2163,7,1,9
2164,5,2,9
2165,7,1,9
2166,9,0,9
2167,9,0,9
2168,7,1,9
2169,5,2,9
2190,9,0,9
2191,5,2,9
2192,9,0,9
2193,5,2,9
21d2,9,0,9
21d4,9,0,9
2200,9,0,9
2202,6,1,9
2203,8,0,9
2207,9,0,9
2208,8,0,9
220b,8,0,9
2211,7,1,9
221a,9,0,9
221d,9,0,9
221e,9,0,9
221f,7,1,9
2220,9,0,9
2225,3,3,9
2227,9,0,9
2228,9,0,9
2229,7,1,9
222a,7,1,9
222b,5,2,9
222c,7,1,9
222e,3,3,9
2234,8,0,9
2235,8,0,9
223d,9,0,9
2252,9,0,9
2260,7,1,9
2261,9,0,9
2266,8,0,9
2267,8,0,9
226a,8,0,9
226b,8,0,9
2282,8,0,9
2283,8,0,9
2286,8,0,9
2287,8,0,9
22a5,9,0,9
22bf,8,0,9
2312,9,0,9
2460,9,0,9
2461,9,0,9
2462,9,0,9
2463,9,0,9
2464,9,0,9
2465,9,0,9
2466,9,0,9
2467,9,0,9
2468,9,0,9
2469,9,0,9
246a,9,0,9
246b,9,0,9
246c,9,0,9
246d,9,0,9
246e,9,0,9
246f,9,0,9
2470,9,0,9
2471,9,0,9
2472,9,0,9
2473,9,0,9
2500,9,0,9
2501,9,0,9
2502,1,4,9
2503,2,3,9
250c,5,4,9
250f,6,3,9
2510,5,0,9
2513,5,0,9
2514,5,4,9
2517,6,3,9
2518,5,0,9
251b,5,0,9
251c,5,4,9
251d,5,4,9
2520,6,3,9
2523,6,3,9
2524,5,0,9
2525,5,0,9
2528,5,0,9
252b,5,0,9
252c,9,0,9
252f,9,0,9
2530,9,0,9
2533,9,0,9
2534,9,0,9
2537,9,0,9
2538,9,0,9
253b,9,0,9
253c,9,0,9
253f,9,0,9
2542,9,0,9
254b,9,0,9
25a0,9,0,9
25a1,9,0,9
25b2,9,0,9
25b3,9,0,9
25bc,9,0,9
25bd,9,0,9
25c6,9,0,9
25c7,9,0,9
25cb,9,0,9
25ce,9,0,9
25cf,9,0,9
25ef,9,0,9
2605,9,0,9
2606,9,0,9
2640,7,1,9
2642,5,2,9
266a,6,1,9
266d,5,2,9
266f,8,0,9
3000,0,9,9
3001,2,0,9
3002,4,0,9
3003,6,1,9
3005,9,0,9
3006,9,0,9
3007,9,0,9
3008,5,3,9
3009,5,1,9
300a,7,1,9
300b,7,1,9
300c,4,4,9
300d,4,1,9
300e,4,4,9
300f,4,1,9
3010,3,5,9
3011,3,1,9
3012,9,0,9
3013,9,0,9
3014,3,5,9
3015,3,1,9
301d,5,4,9
301f,5,0,9
3041,8,0,9
3042,9,0,9
3043,7,1,9
3044,9,0,9
3045,7,1,9
3046,8,0,9
3047,7,1,9
3048,9,0,9
3049,9,0,9
304a,9,0,9
304b,9,0,9
304c,9,0,9
304d,9,0,9
304e,9,0,9
304f,7,1,9
3050,9,0,9
3051,9,0,9
3052,9,0,9
3053,8,0,9
3054,9,0,9
3055,8,0,9
3056,9,0,9
3057,7,1,9
3058,7,1,9
3059,9,0,9
305a,9,0,9
305b,9,0,9
305c,9,0,9
305d,9,0,9
305e,9,0,9
305f,8,0,9
3060,9,0,9
3061,8,0,9
3062,9,0,9
3063,8,0,9
3064,9,0,9
3065,9,0,9
3066,9,0,9
3067,9,0,9
3068,8,0,9
3069,9,0,9
306a,9,0,9
306b,9,0,9
306c,9,0,9
306d,9,0,9
306e,9,0,9
306f,9,0,9
3070,9,0,9
3071,9,0,9
3072,9,0,9
3073,9,0,9
3074,9,0,9
3075,9,0,9
3076,9,0,9
3077,9,0,9
3078,9,0,9
3079,9,0,9
307a,9,0,9
307b,9,0,9
307c,9,0,9
307d,9,0,9
307e,9,0,9
307f,9,0,9
3080,9,0,9
3081,9,0,9
3082,8,0,9
3083,8,0,9
3084,9,0,9
3085,8,0,9
3086,9,0,9
3087,8,0,9
3088,8,0,9
3089,8,0,9
308a,7,1,9
308b,9,0,9
308c,9,0,9
308d,9,0,9
308e,8,0,9
308f,9,0,9
3090,9,0,9
3091,9,0,9
3092,9,0,9
3093,9,0,9
309b,4,0,9
309c,3,0,9
309d,5,2,9
309e,6,1,9
30a1,8,0,9
30a2,8,0,9
30a3,7,0,9
30a4,7,0,9
30a5,7,1,9
30a6,8,0,9
30a7,7,1,9
30a8,9,0,9
30a9,7,1,9
30aa,9,0,9
30ab,9,0,9
30ac,9,0,9
30ad,8,0,9
30ae,9,0,9
30af,8,0,9
30b0,9,0,9
30b1,9,0,9
30b2,9,0,9
30b3,8,0,9
30b4,9,0,9
30b5,9,0,9
30b6,9,0,9
30b7,8,0,9
30b8,9,0,9
30b9,9,0,9
30ba,9,0,9
30bb,9,0,9
30bc,9,0,9
30bd,9,0,9
30be,9,0,9
30bf,9,0,9
30c0,9,0,9
30c1,9,0,9
30c2,9,0,9
30c3,8,0,9
30c4,9,0,9
30c5,9,0,9
30c6,9,0,9
30c7,9,0,9
30c8,6,2,9
30c9,7,2,9
30ca,9,0,9
30cb,8,0,9
30cc,8,0,9
30cd,9,0,9
30ce,7,0,9
30cf,9,0,9
30d0,9,0,9
30d1,9,0,9
30d2,8,1,9
30d3,8,1,9
30d4,8,1,9
30d5,8,0,9
30d6,9,0,9
30d7,9,0,9
30d8,9,0,9
30d9,9,0,9
30da,9,0,9
30db,9,0,9
30dc,9,0,9
30dd,9,0,9
30de,9,0,9
30df,8,0,9
30e0,9,0,9
30e1,8,0,9
30e2,9,0,9
30e3,8,0,9
30e4,9,0,9
30e5,8,0,9
30e6,9,0,9
30e7,6,1,9
30e8,7,1,9
30e9,8,0,9
30ea,7,1,9
30eb,9,0,9
30ec,7,1,9
30ed,8,0,9
30ee,6,1,9
30ef,8,0,9
30f0,9,0,9
30f1,9,0,9
30f2,8,0,9
30f3,9,0,9
30f4,9,0,9
30f5,7,1,9
30f6,8,0,9
30fb,2,3,9
30fc,8,0,9
30fd,5,2,9
30fe,6,1,9
3231,9,0,9
3232,9,0,9
3239,9,0,9
32a4,9,0,9
32a5,9,0,9
32a6,9,0,9
32a7,9,0,9
32a8,9,0,9
3303,9,0,9
330d,9,0,9
3314,9,0,9
3318,8,0,9
3322,9,0,9
3323,9,0,9
3326,9,0,9
3327,8,0,9
332b,9,0,9
3336,9,0,9
333b,9,0,9
3349,7,1,9
334a,9,0,9
334d,9,0,9
3351,9,0,9
3357,9,0,9
337b,9,0,9
337c,9,0,9
337d,9,0,9
337e,9,0,9
338e,9,0,9
338f,8,0,9
339c,9,0,9
339d,9,0,9
339e,9,0,9
33a1,8,0,9
33c4,9,0,9
33cd,9,0,9
4e00,9,0,9
4e01,9,0,9
4e03,9,0,9
4e07,9,0,9
4e08,9,0,9
4e09,9,0,9
4e0a,9,0,9
4e0b,9,0,9
4e0d,9,0,9
4e0e,9,0,9
4e10,9,0,9
4e11,9,0,9
4e14,9,0,9
4e15,9,0,9
4e16,9,0,9
4e17,9,0,9
4e18,9,0,9
4e19,9,0,9
4e1e,9,0,9
4e21,9,0,9
4e26,9,0,9
4e2a,9,0,9
4e2d,9,0,9
4e31,9,0,9
4e32,9,0,9
4e36,4,2,9
4e38,9,0,9
4e39,9,0,9
4e3b,9,0,9
4e3c,9,0,9
4e3f,4,1,9
4e42,9,0,9
4e43,9,0,9
4e45,9,0,9
4e4b,9,0,9
4e4d,9,0,9
4e4e,9,0,9
4e4f,9,0,9
4e55,9,0,9
4e56,9,0,9
4e57,9,0,9
4e58,9,0,9
4e59,9,0,9
4e5d,9,0,9
4e5e,9,0,9
4e5f,9,0,9
4e62,9,0,9
4e71,9,0,9
4e73,9,0,9
4e7e,9,0,9
4e80,8,1,9
4e82,9,0,9
4e85,4,1,9
4e86,9,0,9
4e88,9,0,9
4e89,9,0,9
4e8a,9,0,9
4e8b,9,0,9
4e8c,9,0,9
4e8e,9,0,9
4e91,9,0,9
4e92,9,0,9
4e94,9,0,9
4e95,9,0,9
4e98,9,0,9
4e99,9,0,9
4e9b,9,0,9
4e9c,9,0,9
4e9e,9,0,9
4e9f,9,0,9
4ea0,9,0,9
4ea1,9,0,9
4ea2,9,0,9
4ea4,9,0,9
4ea5,9,0,9
4ea6,9,0,9
4ea8,9,0,9
4eab,9,0,9
4eac,9,0,9
4ead,9,0,9
4eae,9,0,9
4eb0,9,0,9
4eb3,9,0,9
4eb6,9,0,9
4eba,9,0,9
4ec0,9,0,9
4ec1,9,0,9
4ec2,9,0,9
4ec4,9,0,9
4ec6,9,0,9
4ec7,9,0,9
4eca,9,0,9
4ecb,9,0,9
4ecd,9,0,9
4ece,9,0,9
4ecf,9,0,9
4ed4,9,0,9
4ed5,9,0,9
4ed6,9,0,9
4ed7,9,0,9
4ed8,9,0,9
4ed9,9,0,9
4edd,9,0,9
4ede,9,0,9
4edf,9,0,9
4ee3,9,0,9
4ee4,9,0,9
4ee5,9,0,9
4eed,9,0,9
4eee,9,0,9
4ef0,9,0,9
4ef2,9,0,9
4ef6,9,0,9
4ef7,9,0,9
4efb,9,0,9
4f01,9,0,9
4f09,9,0,9
4f0a,9,0,9
4f0d,9,0,9
4f0e,9,0,9
4f0f,9,0,9
4f10,9,0,9
4f11,9,0,9
4f1a,9,0,9
4f1c,9,0,9
4f1d,9,0,9
4f2f,9,0,9
4f30,9,0,9
4f34,9,0,9
4f36,9,0,9
4f38,9,0,9
4f3a,9,0,9
4f3c,9,0,9
4f3d,9,0,9
4f43,9,0,9
4f46,9,0,9
4f47,9,0,9
4f4d,9,0,9
4f4e,9,0,9
4f4f,9,0,9
4f50,9,0,9
4f51,9,0,9
4f53,9,0,9
4f55,9,0,9
4f57,9,0,9
4f59,9,0,9
4f5a,9,0,9
4f5b,9,0,9
4f5c,9,0,9
4f5d,9,0,9
4f5e,9,0,9
4f69,9,0,9
4f6f,9,0,9
4f70,9,0,9
4f73,9,0,9
4f75,9,0,9
4f76,9,0,9
4f7b,9,0,9
4f7c,9,0,9
4f7f,9,0,9
4f83,9,0,9
4f86,9,0,9
4f88,9,0,9
4f8b,9,0,9
4f8d,9,0,9
4f8f,9,0,9
4f91,9,0,9
4f96,9,0,9
4f98,9,0,9
4f9b,9,0,9
4f9d,9,0,9
4fa0,9,0,9
4fa1,9,0,9
4fab,9,0,9
4fad,9,0,9
4fae,9,0,9
4faf,9,0,9
4fb5,9,0,9
4fb6,9,0,9
4fbf,9,0,9
4fc2,9,0,9
4fc3,9,0,9
4fc4,9,0,9
4fca,9,0,9
4fce,9,0,9
4fd0,9,0,9
4fd1,9,0,9
4fd4,9,0,9
4fd7,9,0,9
4fd8,9,0,9
4fda,9,0,9
4fdb,9,0,9
4fdd,9,0,9
4fdf,9,0,9
4fe1,9,0,9
4fe3,9,0,9
4fe4,9,0,9
4fe5,9,0,9
4fee,9,0,9
4fef,9,0,9
4ff3,9,0,9
4ff5,9,0,9
4ff6,9,0,9
4ff8,9,0,9
4ffa,9,0,9
4ffe,9,0,9
5005,9,0,9
5006,9,0,9
5009,9,0,9
500b,9,0,9
500d,9,0,9
500f,9,0,9
5011,9,0,9
5012,9,0,9
5014,9,0,9
5016,9,0,9
5019,9,0,9
501a,9,0,9
501f,9,0,9
5021,9,0,9
5023,9,0,9
5024,9,0,9
5025,9,0,9
5026,9,0,9
5028,9,0,9
5029,9,0,9
502a,9,0,9
502b,9,0,9
502c,9,0,9
502d,9,0,9
5036,9,0,9
5039,9,0,9
5043,9,0,9
5047,9,0,9
5048,9,0,9
5049,9,0,9
504f,9,0,9
5050,9,0,9
5055,9,0,9
5056,9,0,9
505a,9,0,9
505c,9,0,9
5065,9,0,9
506c,9,0,9
5072,9,0,9
5074,9,0,9
5075,9,0,9
5076,9,0,9
5078,9,0,9
507d,9,0,9
5080,9,0,9
5085,9,0,9
508d,9,0,9
5091,9,0,9
5098,9,0,9
5099,9,0,9
509a,9,0,9
50ac,9,0,9
50ad,9,0,9
50b2,9,0,9
50b3,9,0,9
50b4,9,0,9
50b5,9,0,9
50b7,9,0,9
50be,9,0,9
50c2,9,0,9
50c5,9,0,9
50c9,9,0,9
50ca,9,0,9
50cd,9,0,9
50cf,9,0,9
50d1,9,0,9
50d5,9,0,9
50d6,9,0,9
50da,9,0,9
50de,9,0,9
50e3,9,0,9
50e5,9,0,9
50e7,9,0,9
50ed,9,0,9
50ee,9,0,9
50f5,9,0,9
50f9,9,0,9
50fb,9,0,9
5100,9,0,9
5101,9,0,9
5102,9,0,9
5104,9,0,9
5109,9,0,9
5112,9,0,9
5114,9,0,9
5115,9,0,9
5116,9,0,9
5118,9,0,9
511a,9,0,9
511f,9,0,9
5121,9,0,9
512a,9,0,9
5132,9,0,9
5137,9,0,9
513a,9,0,9
513b,9,0,9
513c,9,0,9
513f,9,0,9
5140,9,0,9
5141,9,0,9
5143,9,0,9
5144,9,0,9
5145,9,0,9
5146,9,0,9
5147,9,0,9
5148,9,0,9
5149,9,0,9
514b,9,0,9
514c,9,0,9
514d,9,0,9
514e,9,0,9
5150,9,0,9
5152,9,0,9
5154,9,0,9
515a,9,0,9
515c,9,0,9
5162,9,0,9
5165,9,0,9
5168,9,0,9
5169,9,0,9
516a,9,0,9
516b,9,0,9
516c,9,0,9
516d,9,0,9
516e,9,0,9
5171,9,0,9
5175,9,0,9
5176,9,0,9
5177,9,0,9
5178,9,0,9
517c,9,0,9
5180,9,0,9
5182,9,0,9
5185,9,0,9
5186,9,0,9
5189,9,0,9
518a,9,0,9
518c,9,0,9
518d,9,0,9
518f,9,0,9
5190,9,0,9
5191,9,0,9
5192,9,0,9
5193,9,0,9
5195,9,0,9
5196,9,0,9
5197,9,0,9
5199,9,0,9
51a0,9,0,9
51a2,9,0,9
51a4,9,0,9
51a5,9,0,9
51a6,9,0,9
51a8,9,0,9
51a9,9,0,9
51aa,9,0,9
51ab,4,2,9
51ac,9,0,9
51b0,9,0,9
51b1,9,0,9
51b2,9,0,9
51b3,9,0,9
51b4,9,0,9
51b5,9,0,9
51b6,9,0,9
51b7,9,0,9
51bd,9,0,9
51c4,9,0,9
51c5,9,0,9
51c6,9,0,9
51c9,9,0,9
51cb,9,0,9
51cc,9,0,9
51cd,9,0,9
51d6,9,0,9
51db,9,0,9
51dc,9,0,9
51dd,9,0,9
51e0,9,0,9
51e1,9,0,9
51e6,9,0,9
51e7,9,0,9
51e9,9,0,9
51ea,9,0,9
51ed,9,0,9
51f0,9,0,9
51f1,9,0,9
51f5,9,0,9
51f6,9,0,9
51f8,9,0,9
51f9,9,0,9
51fa,9,0,9
51fd,9,0,9
51fe,9,0,9
5200,9,0,9
5203,9,0,9
5204,9,0,9
5206,9,0,9
5207,9,0,9
5208,9,0,9
520a,9,0,9
520b,9,0,9
520e,9,0,9
5211,9,0,9
5214,9,0,9
5217,9,0,9
521d,9,0,9
5224,9,0,9
5225,9,0,9
5227,9,0,9
5229,9,0,9
522a,9,0,9
522e,9,0,9
5230,9,0,9
5233,9,0,9
5236,9,0,9
5237,9,0,9
5238,9,0,9
5239,9,0,9
523a,9,0,9
523b,9,0,9
5243,9,0,9
5244,9,0,9
5247,9,0,9
524a,9,0,9
524b,9,0,9
524c,9,0,9
524d,9,0,9
524f,9,0,9
5254,9,0,9
5256,9,0,9
525b,9,0,9
525e,9,0,9
5263,9,0,9
5264,9,0,9
5265,9,0,9
5269,9,0,9
526a,9,0,9
526f,9,0,9
5270,9,0,9
5271,9,0,9
5272,9,0,9
5273,9,0,9
5274,9,0,9
5275,9,0,9
527d,9,0,9
527f,9,0,9
5283,9,0,9
5287,9,0,9
5288,9,0,9
5289,9,0,9
528d,9,0,9
5291,9,0,9
5292,9,0,9
5294,9,0,9
529b,9,0,9
529f,9,0,9
52a0,9,0,9
52a3,9,0,9
52a9,9,0,9
52aa,9,0,9
52ab,9,0,9
52ac,9,0,9
52ad,9,0,9
52b1,9,0,9
52b4,9,0,9
52b5,9,0,9
52b9,9,0,9
52bc,9,0,9
52be,9,0,9
52c1,9,0,9
52c3,9,0,9
52c5,9,0,9
52c7,9,0,9
52c9,9,0,9
52cd,9,0,9
52d2,9,0,9
52d5,9,0,9
52d7,9,0,9
52d8,9,0,9
52d9,9,0,9
52dd,9,0,9
52de,9,0,9
52df,9,0,9
52e0,9,0,9
52e2,9,0,9
52e3,9,0,9
52e4,9,0,9
52e6,9,0,9
52e7,9,0,9
52f2,9,0,9
52f3,9,0,9
52f5,9,0,9
52f8,9,0,9
52f9,9,0,9
52fa,9,0,9
52fe,9,0,9
52ff,9,0,9
5301,9,0,9
5302,9,0,9
5305,9,0,9
5306,9,0,9
5308,9,0,9
530d,9,0,9
530f,9,0,9
5310,9,0,9
5315,9,0,9
5316,9,0,9
5317,9,0,9
5319,9,0,9
531a,9,0,9
531d,9,0,9
5320,9,0,9
5321,9,0,9
5323,8,0,9
532a,9,0,9
532f,9,0,9
5331,9,0,9
5333,9,0,9
5338,9,0,9
5339,9,0,9
533a,9,0,9
533b,9,0,9
533f,9,0,9
5340,9,0,9
5341,9,0,9
5343,9,0,9
5345,9,0,9
5346,9,0,9
5347,9,0,9
5348,9,0,9
5349,9,0,9
534a,9,0,9
534d,9,0,9
5351,9,0,9
5352,9,0,9
5353,9,0,9
5354,9,0,9
5357,9,0,9
5358,9,0,9
535a,9,0,9
535c,4,3,9
535e,9,0,9
5360,9,0,9
5366,9,0,9
5369,6,1,9
536e,9,0,9
536f,9,0,9
5370,9,0,9
5371,9,0,9
5373,9,0,9
5374,9,0,9
5375,9,0,9
5377,9,0,9
5378,9,0,9
537b,9,0,9
537f,9,0,9
5382,9,0,9
5384,9,0,9
5396,9,0,9
5398,9,0,9
539a,9,0,9
539f,9,0,9
53a0,9,0,9
53a5,9,0,9
53a6,9,0,9
53a8,9,0,9
53a9,9,0,9
53ad,9,0,9
53ae,9,0,9
53b0,9,0,9
53b3,9,0,9
53b6,9,0,9
53bb,9,0,9
53c2,9,0,9
53c3,9,0,9
53c8,9,0,9
53c9,9,0,9
53ca,9,0,9
53cb,9,0,9
53cc,9,0,9
53cd,9,0,9
53ce,9,0,9
53d4,9,0,9
53d6,9,0,9
53d7,9,0,9
53d9,9,0,9
53db,9,0,9
53df,9,0,9
53e1,9,0,9
53e2,9,0,9
53e3,8,0,9
53e4,9,0,9
53e5,9,0,9
53e8,9,0,9
53e9,9,0,9
53ea,9,0,9
53eb,9,0,9
53ec,9,0,9
53ed,9,0,9
53ee,9,0,9
53ef,9,0,9
53f0,9,0,9
53f1,9,0,9
53f2,9,0,9
53f3,9,0,9
53f6,9,0,9
53f7,9,0,9
53f8,9,0,9
53fa,9,0,9
5401,9,0,9
5403,9,0,9
5404,9,0,9
5408,9,0,9
5409,9,0,9
540a,9,0,9
540b,9,0,9
540c,9,0,9
540d,9,0,9
540e,9,0,9
540f,9,0,9
5410,9,0,9
5411,9,0,9
541b,9,0,9
541d,9,0,9
541f,9,0,9
5420,9,0,9
5426,9,0,9
5429,9,0,9
542b,9,0,9
542c,9,0,9
542d,9,0,9
542e,9,0,9
5436,9,0,9
5438,9,0,9
5439,9,0,9
543b,9,0,9
543c,9,0,9
543d,9,0,9
543e,9,0,9
5440,9,0,9
5442,9,0,9
5446,9,0,9
5448,9,0,9
5449,9,0,9
544a,9,0,9
544e,9,0,9
5451,9,0,9
545f,9,0,9
5468,9,0,9
546a,9,0,9
5470,9,0,9
5471,9,0,9
5473,9,0,9
5475,9,0,9
5476,9,0,9
5477,9,0,9
547b,9,0,9
547c,9,0,9
547d,9,0,9
5480,9,0,9
5484,9,0,9
5486,9,0,9
548b,9,0,9
548c,9,0,9
548e,9,0,9
548f,9,0,9
5490,9,0,9
5492,9,0,9
54a2,9,0,9
54a4,9,0,9
54a5,9,0,9
54a8,9,0,9
54ab,9,0,9
54ac,9,0,9
54af,9,0,9
54b2,9,0,9
54b3,9,0,9
54b8,9,0,9
54bc,9,0,9
54bd,9,0,9
54be,9,0,9
54c0,9,0,9
54c1,9,0,9
54c2,9,0,9
54c4,9,0,9
54c7,9,0,9
54c8,9,0,9
54c9,9,0,9
54d8,9,0,9
54e1,9,0,9
54e2,9,0,9
54e5,9,0,9
54e6,9,0,9
54e8,9,0,9
54e9,9,0,9
54ed,9,0,9
54ee,9,0,9
54f2,9,0,9
54fa,9,0,9
54fd,9,0,9
5504,9,0,9
5506,9,0,9
5507,9,0,9
550f,9,0,9
5510,9,0,9
5514,9,0,9
5516,9,0,9
552e,9,0,9
552f,9,0,9
5531,9,0,9
5533,9,0,9
5538,9,0,9
5539,9,0,9
553e,9,0,9
5540,9,0,9
5544,9,0,9
5545,9,0,9
5546,9,0,9
554c,9,0,9
554f,9,0,9
5553,9,0,9
5556,9,0,9
5557,9,0,9
555c,9,0,9
555d,9,0,9
5563,9,0,9
557b,9,0,9
557c,9,0,9
557e,9,0,9
5580,9,0,9
5583,9,0,9
5584,9,0,9
5587,9,0,9
5589,9,0,9
558a,9,0,9
558b,9,0,9
5598,9,0,9
5599,9,0,9
559a,9,0,9
559c,9,0,9
559d,9,0,9
559e,9,0,9
559f,9,0,9
55a7,9,0,9
55a8,9,0,9
55a9,9,0,9
55aa,9,0,9
55ab,9,0,9
55ac,9,0,9
55ae,9,0,9
55b0,9,0,9
55b6,9,0,9
55c4,9,0,9
55c5,9,0,9
55c7,9,0,9
55d4,9,0,9
55da,9,0,9
55dc,9,0,9
55df,9,0,9
55e3,9,0,9
55e4,9,0,9
55f7,9,0,9
55f9,9,0,9
55fd,9,0,9
55fe,9,0,9
5606,9,0,9
5609,9,0,9
5614,9,0,9
5616,9,0,9
5617,9,0,9
5618,9,0,9
561b,9,0,9
5629,9,0,9
562f,9,0,9
5631,9,0,9
5632,9,0,9
5634,9,0,9
5636,9,0,9
5638,9,0,9
5642,9,0,9
564c,9,0,9
564e,9,0,9
5650,9,0,9
565b,9,0,9
5664,9,0,9
5668,9,0,9
566a,9,0,9
566b,9,0,9
566c,9,0,9
5674,9,0,9
5678,9,0,9
567a,9,0,9
5680,9,0,9
5686,9,0,9
5687,9,0,9
568a,9,0,9
568f,9,0,9
5694,9,0,9
56a0,9,0,9
56a2,9,0,9
56a5,9,0,9
56ae,9,0,9
56b4,9,0,9
56b6,9,0,9
56bc,9,0,9
56c0,9,0,9
56c1,9,0,9
56c2,9,0,9
56c3,9,0,9
56c8,9,0,9
56ce,9,0,9
56d1,9,0,9
56d3,9,0,9
56d7,9,0,9
56d8,9,0,9
56da,9,0,9
56db,9,0,9
56de,9,0,9
56e0,9,0,9
56e3,9,0,9
56ee,9,0,9
56f0,9,0,9
56f2,9,0,9
56f3,9,0,9
56f9,9,0,9
56fa,9,0,9
56fd,9,0,9
56ff,9,0,9
5700,9,0,9
5703,9,0,9
5704,9,0,9
5708,9,0,9
5709,9,0,9
570b,9,0,9
570d,9,0,9
570f,9,0,9
5712,9,0,9
5713,9,0,9
5716,9,0,9
5718,9,0,9
571c,9,0,9
571f,9,0,9
5726,9,0,9
5727,9,0,9
5728,9,0,9
572d,9,0,9
5730,9,0,9
5737,9,0,9
5738,9,0,9
573b,9,0,9
5740,9,0,9
5742,9,0,9
5747,9,0,9
574a,9,0,9
574e,9,0,9
574f,9,0,9
5750,9,0,9
5751,9,0,9
5761,9,0,9
5764,9,0,9
5766,9,0,9
5769,9,0,9
576a,9,0,9
577f,9,0,9
5782,9,0,9
5788,9,0,9
5789,9,0,9
578b,9,0,9
5793,9,0,9
57a0,9,0,9
57a2,9,0,9
57a3,9,0,9
57a4,9,0,9
57aa,9,0,9
57b0,9,0,9
57b3,9,0,9
57c0,9,0,9
57c3,9,0,9
57c6,9,0,9
57cb,9,0,9
57ce,9,0,9
57d2,9,0,9
57d3,9,0,9
57d4,9,0,9
57d6,9,0,9
57dc,9,0,9
57df,9,0,9
57e0,9,0,9
57e3,9,0,9
57f4,9,0,9
57f7,9,0,9
57f9,9,0,9
57fa,9,0,9
57fc,9,0,9
5800,9,0,9
5802,9,0,9
5805,9,0,9
5806,9,0,9
580a,9,0,9
580b,9,0,9
5815,9,0,9
5819,9,0,9
581d,9,0,9
5821,9,0,9
5824,9,0,9
582a,9,0,9
582f,9,0,9
5830,9,0,9
5831,9,0,9
5834,9,0,9
5835,9,0,9
583a,9,0,9
583d,9,0,9
5840,9,0,9
5841,9,0,9
584a,9,0,9
584b,9,0,9
5851,9,0,9
5852,9,0,9
5854,9,0,9
5857,9,0,9
5858,9,0,9
5859,9,0,9
585a,9,0,9
585e,9,0,9
5862,9,0,9
5869,9,0,9
586b,9,0,9
5870,9,0,9
5872,9,0,9
5875,9,0,9
5879,9,0,9
587e,9,0,9
5883,9,0,9
5885,9,0,9
5893,9,0,9
5897,9,0,9
589c,9,0,9
589f,9,0,9
58a8,9,0,9
58ab,9,0,9
58ae,9,0,9
58b3,9,0,9
58b8,9,0,9
58b9,9,0,9
58ba,9,0,9
58bb,9,0,9
58be,9,0,9
58c1,9,0,9
58c5,9,0,9
58c7,9,0,9
58ca,9,0,9
58cc,9,0,9
58d1,9,0,9
58d3,9,0,9
58d5,9,0,9
58d7,9,0,9
58d8,9,0,9
58d9,9,0,9
58dc,9,0,9
58de,9,0,9
58df,9,0,9
58e4,9,0,9
58e5,9,0,9
58eb,9,0,9
58ec,9,0,9
58ee,9,0,9
58ef,9,0,9
58f0,9,0,9
58f1,9,0,9
58f2,9,0,9
58f7,9,0,9
58f9,9,0,9
58fa,9,0,9
58fb,9,0,9
58fc,9,0,9
58fd,9,0,9
5902,9,0,9
5909,9,0,9
590a,9,0,9
590f,9,0,9
5910,9,0,9
5915,9,0,9
5916,9,0,9
5918,9,0,9
5919,9,0,9
591a,9,0,9
591b,9,0,9
591c,9,0,9
5922,9,0,9
5925,9,0,9
5927,9,0,9
5929,9,0,9
592a,9,0,9
592b,9,0,9
592c,9,0,9
592d,9,0,9
592e,9,0,9
5931,9,0,9
5932,9,0,9
5937,9,0,9
5938,9,0,9
593e,9,0,9
5944,9,0,9
5947,9,0,9
5948,9,0,9
5949,9,0,9
594e,9,0,9
594f,9,0,9
5950,9,0,9
5951,9,0,9
5954,9,0,9
5955,9,0,9
5957,9,0,9
5958,9,0,9
595a,9,0,9
5960,9,0,9
5962,9,0,9
5965,9,0,9
5967,9,0,9
5968,9,0,9
5969,9,0,9
596a,9,0,9
596c,9,0,9
596e,9,0,9
5973,9,0,9
5974,9,0,9
5978,9,0,9
597d,9,0,9
5981,9,0,9
5982,9,0,9
5983,9,0,9
5984,9,0,9
598a,9,0,9
598d,9,0,9
5993,9,0,9
5996,9,0,9
5999,9,0,9
599b,9,0,9
599d,9,0,9
59a3,9,0,9
59a5,9,0,9
59a8,9,0,9
59ac,9,0,9
59b2,9,0,9
59b9,9,0,9
59bb,9,0,9
59be,9,0,9
59c6,9,0,9
59c9,9,0,9
59cb,9,0,9
59d0,9,0,9
59d1,9,0,9
59d3,9,0,9
59d4,9,0,9
59d9,9,0,9
59da,9,0,9
59dc,9,0,9
59e5,9,0,9
59e6,9,0,9
59e8,9,0,9
59ea,9,0,9
59eb,9,0,9
59f6,9,0,9
59fb,9,0,9
59ff,9,0,9
5a01,9,0,9
5a03,9,0,9
5a09,9,0,9
5a11,9,0,9
5a18,9,0,9
5a1a,9,0,9
5a1c,9,0,9
5a1f,9,0,9
5a20,9,0,9
5a25,9,0,9
5a29,9,0,9
5a2f,9,0,9
5a35,9,0,9
5a36,9,0,9
5a3c,9,0,9
5a40,9,0,9
5a41,9,0,9
5a46,9,0,9
5a49,9,0,9
5a5a,9,0,9
5a62,9,0,9
5a66,9,0,9
5a6a,9,0,9
5a6c,9,0,9
5a7f,9,0,9
5a92,9,0,9
5a9a,9,0,9
5a9b,9,0,9
5abc,9,0,9
5abd,9,0,9
5abe,9,0,9
5ac1,9,0,9
5ac2,9,0,9
5ac9,9,0,9
5acb,9,0,9
5acc,9,0,9
5ad0,9,0,9
5ad6,9,0,9
5ad7,9,0,9
5ae1,9,0,9
5ae3,9,0,9
5ae6,9,0,9
5ae9,9,0,9
5afa,9,0,9
5afb,9,0,9
5b09,9,0,9
5b0b,9,0,9
5b0c,9,0,9
5b16,9,0,9
5b22,9,0,9
5b2a,9,0,9
5b2c,9,0,9
5b30,9,0,9
5b32,9,0,9
5b36,9,0,9
5b3e,9,0,9
5b40,9,0,9
5b43,9,0,9
5b45,9,0,9
5b50,9,0,9
5b51,9,0,9
5b54,9,0,9
5b55,9,0,9
5b57,9,0,9
5b58,9,0,9
5b5a,9,0,9
5b5b,9,0,9
5b5c,9,0,9
5b5d,9,0,9
5b5f,9,0,9
5b63,9,0,9
5b64,9,0,9
5b65,9,0,9
5b66,9,0,9
5b69,9,0,9
5b6b,9,0,9
5b70,9,0,9
5b71,9,0,9
5b73,9,0,9
5b75,9,0,9
5b78,9,0,9
5b7a,9,0,9
5b80,9,0,9
5b83,9,0,9
5b85,9,0,9
5b87,9,0,9
5b88,9,0,9
5b89,9,0,9
5b8b,9,0,9
5b8c,9,0,9
5b8d,9,0,9
5b8f,9,0,9
5b95,9,0,9
5b97,9,0,9
5b98,9,0,9
5b99,9,0,9
5b9a,9,0,9
5b9b,9,0,9
5b9c,9,0,9
5b9d,9,0,9
5b9f,9,0,9
5ba2,9,0,9
5ba3,9,0,9
5ba4,9,0,9
5ba5,9,0,9
5ba6,9,0,9
5bae,9,0,9
5bb0,9,0,9
5bb3,9,0,9
5bb4,9,0,9
5bb5,9,0,9
5bb6,9,0,9
5bb8,9,0,9
5bb9,9,0,9
5bbf,9,0,9
5bc2,9,0,9
5bc3,9,0,9
5bc4,9,0,9
5bc5,9,0,9
5bc6,9,0,9
5bc7,9,0,9
5bc9,9,0,9
5bcc,9,0,9
5bd0,9,0,9
5bd2,9,0,9
5bd3,9,0,9
5bd4,9,0,9
5bdb,9,0,9
5bdd,9,0,9
5bde,9,0,9
5bdf,9,0,9
5be1,9,0,9
5be2,9,0,9
5be4,9,0,9
5be5,9,0,9
5be6,9,0,9
5be7,9,0,9
5be8,9,0,9
5be9,9,0,9
5beb,9,0,9
5bee,9,0,9
5bf0,9,0,9
5bf3,9,0,9
5bf5,9,0,9
5bf6,9,0,9
5bf8,9,0,9
5bfa,9,0,9
5bfe,9,0,9
5bff,9,0,9
5c01,9,0,9
5c02,9,0,9
5c04,9,0,9
5c05,9,0,9
5c06,9,0,9
5c07,9,0,9
5c08,9,0,9
5c09,9,0,9
5c0a,9,0,9
5c0b,9,0,9
5c0d,9,0,9
5c0e,9,0,9
5c0f,9,0,9
5c11,9,0,9
5c13,9,0,9
5c16,9,0,9
5c1a,9,0,9
5c20,9,0,9
5c22,9,0,9
5c24,9,0,9
5c28,9,0,9
5c2d,9,0,9
5c31,9,0,9
5c38,9,0,9
5c39,9,0,9
5c3a,9,0,9
5c3b,9,0,9
5c3c,9,0,9
5c3d,9,0,9
5c3e,9,0,9
5c3f,9,0,9
5c40,9,0,9
5c41,9,0,9
5c45,9,0,9
5c46,9,0,9
5c48,9,0,9
5c4a,9,0,9
5c4b,9,0,9
5c4d,9,0,9
5c4e,9,0,9
5c4f,9,0,9
5c50,9,0,9
5c51,9,0,9
5c53,9,0,9
5c55,9,0,9
5c5e,9,0,9
5c60,9,0,9
5c61,9,0,9
5c64,9,0,9
5c65,9,0,9
5c6c,9,0,9
5c6e,9,0,9
5c6f,9,0,9
5c71,9,0,9
5c76,9,0,9
5c79,9,0,9
5c8c,9,0,9
5c90,9,0,9
5c91,9,0,9
5c94,9,0,9
5ca1,9,0,9
5ca8,9,0,9
5ca9,9,0,9
5cab,9,0,9
5cac,9,0,9
5cb1,9,0,9
5cb3,9,0,9
5cb6,9,0,9
5cb7,9,0,9
5cb8,9,0,9
5cbb,9,0,9
5cbc,9,0,9
5cbe,9,0,9
5cc5,9,0,9
5cc7,9,0,9
5cd9,9,0,9
5ce0,9,0,9
5ce1,9,0,9
5ce8,9,0,9
5ce9,9,0,9
5cea,9,0,9
5ced,9,0,9
5cef,9,0,9
5cf0,9,0,9
5cf6,9,0,9
5cfa,9,0,9
5cfb,9,0,9
5cfd,9,0,9
5d07,9,0,9
5d0b,9,0,9
5d0e,9,0,9
5d11,9,0,9
5d14,9,0,9
5d15,9,0,9
5d16,9,0,9
5d17,9,0,9
5d18,9,0,9
5d19,9,0,9
5d1a,9,0,9
5d1b,9,0,9
5d1f,9,0,9
5d22,9,0,9
5d29,9,0,9
5d4b,9,0,9
5d4c,9,0,9
5d4e,9,0,9
5d50,9,0,9
5d52,9,0,9
5d5c,9,0,9
5d69,9,0,9
5d6c,9,0,9
5d6f,9,0,9
5d73,9,0,9
5d76,9,0,9
5d82,9,0,9
5d84,9,0,9
5d87,9,0,9
5d8b,9,0,9
5d8c,9,0,9
5d90,9,0,9
5d9d,9,0,9
5da2,9,0,9
5dac,9,0,9
5dae,9,0,9
5db7,9,0,9
5dba,9,0,9
5dbc,9,0,9
5dbd,9,0,9
5dc9,9,0,9
5dcc,9,0,9
5dcd,9,0,9
5dd2,9,0,9
5dd3,9,0,9
5dd6,9,0,9
5ddb,9,0,9
5ddd,9,0,9
5dde,9,0,9
5de1,9,0,9
5de3,9,0,9
5de5,9,0,9
5de6,9,0,9
5de7,9,0,9
5de8,9,0,9
5deb,9,0,9
5dee,9,0,9
5df1,9,0,9
5df2,9,0,9
5df3,9,0,9
5df4,9,0,9
5df5,9,0,9
5df7,9,0,9
5dfb,9,0,9
5dfd,9,0,9
5dfe,9,0,9
5e02,9,0,9
5e03,9,0,9
5e06,9,0,9
5e0b,9,0,9
5e0c,9,0,9
5e11,9,0,9
5e16,9,0,9
5e19,9,0,9
5e1a,9,0,9
5e1b,9,0,9
5e1d,9,0,9
5e25,9,0,9
5e2b,9,0,9
5e2d,9,0,9
5e2f,9,0,9
5e30,9,0,9
5e33,9,0,9
5e36,9,0,9
5e37,9,0,9
5e38,9,0,9
5e3d,9,0,9
5e40,9,0,9
5e43,9,0,9
5e44,9,0,9
5e45,9,0,9
5e47,9,0,9
5e4c,9,0,9
5e4e,9,0,9
5e54,9,0,9
5e55,9,0,9
5e57,9,0,9
5e5f,9,0,9
5e61,9,0,9
5e62,9,0,9
5e63,9,0,9
5e64,9,0,9
5e72,9,0,9
5e73,9,0,9
5e74,9,0,9
5e75,9,0,9
5e76,9,0,9
5e78,9,0,9
5e79,9,0,9
5e7a,9,0,9
5e7b,9,0,9
5e7c,9,0,9
5e7d,9,0,9
5e7e,9,0,9
5e7f,9,0,9
5e81,9,0,9
5e83,9,0,9
5e84,9,0,9
5e87,9,0,9
5e8a,9,0,9
5e8f,9,0,9
5e95,9,0,9
5e96,9,0,9
5e97,9,0,9
5e9a,9,0,9
5e9c,9,0,9
5ea0,9,0,9
5ea6,9,0,9
5ea7,9,0,9
5eab,9,0,9
5ead,9,0,9
5eb5,9,0,9
5eb6,9,0,9
5eb7,9,0,9
5eb8,9,0,9
5ec1,9,0,9
5ec2,9,0,9
5ec3,9,0,9
5ec8,9,0,9
5ec9,9,0,9
5eca,9,0,9
5ecf,9,0,9
5ed0,9,0,9
5ed3,9,0,9
5ed6,9,0,9
5eda,9,0,9
5edb,9,0,9
5edd,9,0,9
5edf,9,0,9
5ee0,9,0,9
5ee1,9,0,9
5ee2,9,0,9
5ee3,9,0,9
5ee8,9,0,9
5ee9,9,0,9
5eec,9,0,9
5ef0,9,0,9
5ef1,9,0,9
5ef3,9,0,9
5ef4,9,0,9
5ef6,9,0,9
5ef7,9,0,9
5ef8,9,0,9
5efa,9,0,9
5efb,9,0,9
5efc,9,0,9
5efe,9,0,9
5eff,9,0,9
5f01,9,0,9
5f03,9,0,9
5f04,9,0,9
5f09,9,0,9
5f0a,9,0,9
5f0b,9,0,9
5f0c,9,0,9
5f0d,9,0,9
5f0f,9,0,9
5f10,9,0,9
5f11,9,0,9
5f13,9,0,9
5f14,9,0,9
5f15,8,0,9
5f16,9,0,9
5f17,9,0,9
5f18,9,0,9
5f1b,9,0,9
5f1f,9,0,9
5f25,9,0,9
5f26,9,0,9
5f27,9,0,9
5f29,9,0,9
5f2d,9,0,9
5f2f,9,0,9
5f31,9,0,9
5f35,9,0,9
5f37,9,0,9
5f38,9,0,9
5f3c,9,0,9
5f3e,9,0,9
5f41,9,0,9
5f48,9,0,9
5f4a,9,0,9
5f4c,9,0,9
5f4e,9,0,9
5f51,9,0,9
5f53,9,0,9
5f56,9,0,9
5f57,9,0,9
5f59,9,0,9
5f5c,9,0,9
5f5d,9,0,9
5f61,9,0,9
5f62,9,0,9
5f66,9,0,9
5f69,9,0,9
5f6a,9,0,9
5f6b,9,0,9
5f6c,9,0,9
5f6d,9,0,9
5f70,9,0,9
5f71,9,0,9
5f73,9,0,9
5f77,9,0,9
5f79,9,0,9
5f7c,9,0,9
5f7f,9,0,9
5f80,9,0,9
5f81,9,0,9
5f82,9,0,9
5f83,9,0,9
5f84,9,0,9
5f85,9,0,9
5f87,9,0,9
5f88,9,0,9
5f8a,9,0,9
5f8b,9,0,9
5f8c,9,0,9
5f90,9,0,9
5f91,9,0,9
5f92,9,0,9
5f93,9,0,9
5f97,9,0,9
5f98,9,0,9
5f99,9,0,9
5f9e,9,0,9
5fa0,9,0,9
5fa1,9,0,9
5fa8,9,0,9
5fa9,9,0,9
5faa,9,0,9
5fad,9,0,9
5fae,9,0,9
5fb3,9,0,9
5fb4,9,0,9
5fb9,9,0,9
5fbc,9,0,9
5fbd,9,0,9
5fc3,9,0,9
5fc5,9,0,9
5fcc,9,0,9
5fcd,9,0,9
5fd6,9,0,9
5fd7,9,0,9
5fd8,9,0,9
5fd9,9,0,9
5fdc,9,0,9
5fdd,9,0,9
5fe0,9,0,9
5fe4,9,0,9
5feb,9,0,9
5ff0,9,0,9
5ff1,9,0,9
5ff5,9,0,9
5ff8,9,0,9
5ffb,9,0,9
5ffd,9,0,9
5fff,9,0,9
600e,9,0,9
600f,9,0,9
6010,9,0,9
6012,9,0,9
6015,9,0,9
6016,9,0,9
6019,9,0,9
601b,9,0,9
601c,9,0,9
601d,9,0,9
6020,9,0,9
6021,9,0,9
6025,9,0,9
6026,9,0,9
6027,9,0,9
6028,9,0,9
6029,9,0,9
602a,9,0,9
602b,9,0,9
602f,9,0,9
6031,9,0,9
603a,9,0,9
6041,9,0,9
6042,9,0,9
6043,9,0,9
6046,9,0,9
604a,9,0,9
604b,9,0,9
604d,9,0,9
6050,9,0,9
6052,9,0,9
6055,9,0,9
6059,9,0,9
605a,9,0,9
605f,9,0,9
6060,9,0,9
6062,9,0,9
6063,9,0,9
6064,9,0,9
6065,9,0,9
6068,9,0,9
6069,9,0,9
606a,9,0,9
606b,9,0,9
606c,9,0,9
606d,9,0,9
606f,9,0,9
6070,9,0,9
6075,9,0,9
6077,9,0,9
6081,9,0,9
6083,9,0,9
6084,9,0,9
6089,9,0,9
608b,9,0,9
608c,9,0,9
608d,9,0,9
6092,9,0,9
6094,9,0,9
6096,9,0,9
6097,9,0,9
609a,9,0,9
609b,9,0,9
609f,9,0,9
60a0,9,0,9
60a3,9,0,9
60a6,9,0,9
60a7,9,0,9
60a9,9,0,9
60aa,9,0,9
60b2,9,0,9
60b3,9,0,9
60b4,9,0,9
60b5,9,0,9
60b6,9,0,9
60b8,9,0,9
60bc,9,0,9
60bd,9,0,9
60c5,9,0,9
60c6,9,0,9
60c7,9,0,9
60d1,9,0,9
60d3,9,0,9
60d8,9,0,9
60da,9,0,9
60dc,9,0,9
60df,9,0,9
60e0,9,0,9
60e1,9,0,9
60e3,9,0,9
60e7,9,0,9
60e8,9,0,9
60f0,9,0,9
60f1,9,0,9
60f3,9,0,9
60f4,9,0,9
60f6,9,0,9
60f7,9,0,9
60f9,9,0,9
60fa,9,0,9
60fb,9,0,9
6100,9,0,9
6101,9,0,9
6103,9,0,9
6106,9,0,9
6108,9,0,9
6109,9,0,9
610d,9,0,9
610e,9,0,9
610f,9,0,9
6115,9,0,9
611a,9,0,9
611b,9,0,9
611f,9,0,9
6121,9,0,9
6127,9,0,9
6128,9,0,9
612c,9,0,9
6134,9,0,9
613c,9,0,9
613d,9,0,9
613e,9,0,9
613f,9,0,9
6142,9,0,9
6144,9,0,9
6147,9,0,9
6148,9,0,9
614a,9,0,9
614b,9,0,9
614c,9,0,9
614d,9,0,9
614e,9,0,9
6153,9,0,9
6155,9,0,9
6158,9,0,9
6159,9,0,9
615a,9,0,9
615d,9,0,9
615f,9,0,9
6162,9,0,9
6163,9,0,9
6165,9,0,9
6167,9,0,9
6168,9,0,9
616b,9,0,9
616e,9,0,9
616f,9,0,9
6170,9,0,9
6171,9,0,9
6173,9,0,9
6174,9,0,9
6175,9,0,9
6176,9,0,9
6177,9,0,9
617e,9,0,9
6182,9,0,9
6187,9,0,9
618a,9,0,9
618e,9,0,9
6190,9,0,9
6191,9,0,9
6194,9,0,9
6196,9,0,9
6199,9,0,9
619a,9,0,9
61a4,9,0,9
61a7,9,0,9
61a9,9,0,9
61ab,9,0,9
61ac,9,0,9
61ae,9,0,9
61b2,9,0,9
61b6,9,0,9
61ba,9,0,9
61be,9,0,9
61c3,9,0,9
61c6,9,0,9
61c7,9,0,9
61c8,9,0,9
61c9,9,0,9
61ca,9,0,9
61cb,9,0,9
61cc,9,0,9
61cd,9,0,9
61d0,9,0,9
61e3,9,0,9
61e6,9,0,9
61f2,9,0,9
61f4,9,0,9
61f6,9,0,9
61f7,9,0,9
61f8,9,0,9
61fa,9,0,9
61fc,9,0,9
61fd,9,0,9
61fe,9,0,9
61ff,9,0,9
6200,9,0,9
6208,9,0,9
6209,9,0,9
620a,9,0,9
620c,9,0,9
620d,9,0,9
620e,9,0,9
6210,9,0,9
6211,9,0,9
6212,9,0,9
6214,9,0,9
6216,9,0,9
621a,9,0,9
621b,9,0,9
621d,9,0,9
621e,9,0,9
621f,9,0,9
6221,9,0,9
6226,9,0,9
622a,9,0,9
622e,9,0,9
622f,9,0,9
6230,9,0,9
6232,9,0,9
6233,9,0,9
6234,9,0,9
6238,9,0,9
623b,9,0,9
623f,9,0,9
6240,9,0,9
6241,9,0,9
6247,9,0,9
6248,9,0,9
6249,9,0,9
624b,9,0,9
624d,9,0,9
624e,9,0,9
6253,9,0,9
6255,9,0,9
6258,9,0,9
625b,9,0,9
625e,9,0,9
6260,9,0,9
6263,9,0,9
6268,9,0,9
626e,9,0,9
6271,9,0,9
6276,9,0,9
6279,9,0,9
627c,9,0,9
627e,9,0,9
627f,9,0,9
6280,9,0,9
6282,9,0,9
6283,9,0,9
6284,9,0,9
6289,9,0,9
628a,9,0,9
6291,9,0,9
6292,9,0,9
6293,9,0,9
6294,9,0,9
6295,9,0,9
6296,9,0,9
6297,9,0,9
6298,9,0,9
629b,9,0,9
629c,9,0,9
629e,9,0,9
62ab,9,0,9
62ac,9,0,9
62b1,9,0,9
62b5,9,0,9
62b9,9,0,9
62bb,9,0,9
62bc,9,0,9
62bd,9,0,9
62c2,9,0,9
62c5,9,0,9
62c6,9,0,9
62c7,9,0,9
62c8,9,0,9
62c9,9,0,9
62ca,9,0,9
62cc,9,0,9
62cd,9,0,9
62cf,9,0,9
62d0,9,0,9
62d1,9,0,9
62d2,9,0,9
62d3,9,0,9
62d4,9,0,9
62d7,9,0,9
62d8,9,0,9
62d9,9,0,9
62db,9,0,9
62dc,9,0,9
62dd,9,0,9
62e0,9,0,9
62e1,9,0,9
62ec,9,0,9
62ed,9,0,9
62ee,9,0,9
62ef,9,0,9
62f1,9,0,9
62f3,9,0,9
62f5,9,0,9
62f6,9,0,9
62f7,9,0,9
62fe,9,0,9
62ff,9,0,9
6301,9,0,9
6302,9,0,9
6307,9,0,9
6308,9,0,9
6309,9,0,9
630c,9,0,9
6311,9,0,9
6319,9,0,9
631f,9,0,9
6327,9,0,9
6328,9,0,9
632b,9,0,9
632f,9,0,9
633a,9,0,9
633d,9,0,9
633e,9,0,9
633f,9,0,9
6349,9,0,9
634c,9,0,9
634d,9,0,9
634f,9,0,9
6350,9,0,9
6355,9,0,9
6357,9,0,9
635c,9,0,9
6367,9,0,9
6368,9,0,9
6369,9,0,9
636b,9,0,9
636e,9,0,9
6372,9,0,9
6376,9,0,9
6377,9,0,9
637a,9,0,9
637b,9,0,9
6380,9,0,9
6383,9,0,9
6388,9,0,9
6389,9,0,9
638c,9,0,9
638e,9,0,9
638f,9,0,9
6392,9,0,9
6396,9,0,9
6398,9,0,9
639b,9,0,9
639f,9,0,9
63a0,9,0,9
63a1,9,0,9
63a2,9,0,9
63a3,9,0,9
63a5,9,0,9
63a7,9,0,9
63a8,9,0,9
63a9,9,0,9
63aa,9,0,9
63ab,9,0,9
63ac,9,0,9
63b2,9,0,9
63b4,9,0,9
63b5,9,0,9
63bb,9,0,9
63be,9,0,9
63c0,9,0,9
63c3,9,0,9
63c4,9,0,9
63c6,9,0,9
63c9,9,0,9
63cf,9,0,9
63d0,9,0,9
63d2,9,0,9
63d6,9,0,9
63da,9,0,9
63db,9,0,9
63e1,9,0,9
63e3,9,0,9
63e9,9,0,9
63ee,9,0,9
63f4,9,0,9
63f6,9,0,9
63fa,9,0,9
6406,9,0,9
640d,9,0,9
640f,9,0,9
6413,9,0,9
6416,9,0,9
6417,9,0,9
641c,9,0,9
6426,9,0,9
6428,9,0,9
642c,9,0,9
642d,9,0,9
6434,9,0,9
6436,9,0,9
643a,9,0,9
643e,9,0,9
6442,9,0,9
644e,9,0,9
6458,9,0,9
6467,9,0,9
6469,9,0,9
646f,9,0,9
6476,9,0,9
6478,9,0,9
647a,9,0,9
6483,9,0,9
6488,9,0,9
6492,9,0,9
6493,9,0,9
6495,9,0,9
649a,9,0,9
649e,9,0,9
64a4,9,0,9
64a5,9,0,9
64a9,9,0,9
64ab,9,0,9
64ad,9,0,9
64ae,9,0,9
64b0,9,0,9
64b2,9,0,9
64b9,9,0,9
64bb,9,0,9
64bc,9,0,9
64c1,9,0,9
64c2,9,0,9
64c5,9,0,9
64c7,9,0,9
64cd,9,0,9
64d2,9,0,9
64d4,9,0,9
64d8,9,0,9
64da,9,0,9
64e0,9,0,9
64e1,9,0,9
64e2,9,0,9
64e3,9,0,9
64e6,9,0,9
64e7,9,0,9
64ec,9,0,9
64ef,9,0,9
64f1,9,0,9
64f2,9,0,9
64f4,9,0,9
64f6,9,0,9
64fa,9,0,9
64fd,9,0,9
64fe,9,0,9
6500,9,0,9
6505,9,0,9
6518,9,0,9
651c,9,0,9
651d,9,0,9
6523,9,0,9
6524,9,0,9
652a,9,0,9
652b,9,0,9
652c,9,0,9
652f,9,0,9
6534,9,0,9
6535,9,0,9
6536,9,0,9
6537,9,0,9
6538,9,0,9
6539,9,0,9
653b,9,0,9
653e,9,0,9
653f,9,0,9
6545,9,0,9
6548,9,0,9
654d,9,0,9
654f,9,0,9
6551,9,0,9
6555,9,0,9
6556,9,0,9
6557,9,0,9
6558,9,0,9
6559,9,0,9
655d,9,0,9
655e,9,0,9
6562,9,0,9
6563,9,0,9
6566,9,0,9
656c,9,0,9
6570,9,0,9
6572,9,0,9
6574,9,0,9
6575,9,0,9
6577,9,0,9
6578,9,0,9
6582,9,0,9
6583,9,0,9
6587,9,0,9
6588,9,0,9
6589,9,0,9
658c,9,0,9
658e,9,0,9
6590,9,0,9
6591,9,0,9
6597,9,0,9
6599,9,0,9
659b,9,0,9
659c,9,0,9
659f,9,0,9
65a1,9,0,9
65a4,9,0,9
65a5,9,0,9
65a7,9,0,9
65ab,9,0,9
65ac,9,0,9
65ad,9,0,9
65af,9,0,9
65b0,9,0,9
65b7,9,0,9
65b9,9,0,9
65bc,9,0,9
65bd,9,0,9
65c1,9,0,9
65c3,9,0,9
65c4,9,0,9
65c5,9,0,9
65c6,9,0,9
65cb,9,0,9
65cc,9,0,9
65cf,9,0,9
65d2,9,0,9
65d7,9,0,9
65d9,9,0,9
65db,9,0,9
65e0,9,0,9
65e1,9,0,9
65e2,9,0,9
65e5,8,0,9
65e6,9,0,9
65e7,9,0,9
65e8,9,0,9
65e9,9,0,9
65ec,9,0,9
65ed,9,0,9
65f1,9,0,9
65fa,9,0,9
65fb,9,0,9
6602,9,0,9
6603,9,0,9
6606,9,0,9
6607,9,0,9
660a,9,0,9
660c,9,0,9
660e,9,0,9
660f,9,0,9
6613,9,0,9
6614,9,0,9
661c,9,0,9
661f,9,0,9
6620,9,0,9
6625,9,0,9
6627,9,0,9
6628,9,0,9
662d,9,0,9
662f,9,0,9
6634,9,0,9
6635,9,0,9
6636,9,0,9
663c,9,0,9
663f,9,0,9
6641,9,0,9
6642,9,0,9
6643,9,0,9
6644,9,0,9
6649,9,0,9
664b,9,0,9
664f,9,0,9
6652,9,0,9
665d,9,0,9
665e,9,0,9
665f,9,0,9
6662,9,0,9
6664,9,0,9
6666,9,0,9
6667,9,0,9
6668,9,0,9
6669,9,0,9
666e,9,0,9
666f,9,0,9
6670,9,0,9
6674,9,0,9
6676,9,0,9
667a,9,0,9
6681,9,0,9
6683,9,0,9
6684,9,0,9
6687,9,0,9
6688,9,0,9
6689,9,0,9
668e,9,0,9
6691,9,0,9
6696,9,0,9
6697,9,0,9
6698,9,0,9
669d,9,0,9
66a2,9,0,9
66a6,9,0,9
66ab,9,0,9
66ae,9,0,9
66b4,9,0,9
66b8,9,0,9
66b9,9,0,9
66bc,9,0,9
66be,9,0,9
66c1,9,0,9
66c4,9,0,9
66c7,9,0,9
66c9,9,0,9
66d6,9,0,9
66d9,9,0,9
66da,9,0,9
66dc,9,0,9
66dd,9,0,9
66e0,9,0,9
66e6,9,0,9
66e9,9,0,9
66f0,9,0,9
66f2,9,0,9
66f3,9,0,9
66f4,9,0,9
66f5,9,0,9
66f7,9,0,9
66f8,9,0,9
66f9,9,0,9
66fc,9,0,9
66fd,9,0,9
66fe,9,0,9
66ff,9,0,9
6700,9,0,9
6703,9,0,9
6708,9,0,9
6709,9,0,9
670b,9,0,9
670d,9,0,9
670f,9,0,9
6714,9,0,9
6715,9,0,9
6716,9,0,9
6717,9,0,9
671b,9,0,9
671d,9,0,9
671e,9,0,9
671f,9,0,9
6726,9,0,9
6727,9,0,9
6728,9,0,9
672a,9,0,9
672b,9,0,9
672c,9,0,9
672d,9,0,9
672e,9,0,9
6731,9,0,9
6734,9,0,9
6736,9,0,9
6737,9,0,9
6738,9,0,9
673a,9,0,9
673d,9,0,9
673f,9,0,9
6741,9,0,9
6746,9,0,9
6749,9,0,9
674e,9,0,9
674f,9,0,9
6750,9,0,9
6751,9,0,9
6753,9,0,9
6756,9,0,9
6759,9,0,9
675c,9,0,9
675e,9,0,9
675f,9,0,9
6760,9,0,9
6761,9,0,9
6762,9,0,9
6763,9,0,9
6764,9,0,9
6765,9,0,9
676a,9,0,9
676d,9,0,9
676f,9,0,9
6770,9,0,9
6771,9,0,9
6772,9,0,9
6773,9,0,9
6775,9,0,9
6777,9,0,9
677c,9,0,9
677e,9,0,9
677f,9,0,9
6785,9,0,9
6787,9,0,9
6789,9,0,9
678b,9,0,9
678c,9,0,9
6790,9,0,9
6795,9,0,9
6797,9,0,9
679a,9,0,9
679c,9,0,9
679d,9,0,9
67a0,9,0,9
67a1,9,0,9
67a2,9,0,9
67a6,9,0,9
67a9,9,0,9
67af,9,0,9
67b3,9,0,9
67b4,9,0,9
67b6,9,0,9
67b7,9,0,9
67b8,9,0,9
67b9,9,0,9
67c1,9,0,9
67c4,9,0,9
67c6,9,0,9
67ca,9,0,9
67ce,9,0,9
67cf,9,0,9
67d0,9,0,9
67d1,9,0,9
67d3,9,0,9
67d4,9,0,9
67d8,9,0,9
67da,9,0,9
67dd,9,0,9
67de,9,0,9
67e2,9,0,9
67e4,9,0,9
67e7,9,0,9
67e9,9,0,9
67ec,9,0,9
67ee,9,0,9
67ef,9,0,9
67f1,9,0,9
67f3,9,0,9
67f4,9,0,9
67f5,9,0,9
67fb,9,0,9
67fe,9,0,9
67ff,9,0,9
6802,9,0,9
6803,9,0,9
6804,9,0,9
6813,9,0,9
6816,9,0,9
6817,9,0,9
681e,9,0,9
6821,9,0,9
6822,9,0,9
6829,9,0,9
682a,9,0,9
682b,9,0,9
6832,9,0,9
6834,9,0,9
6838,9,0,9
6839,9,0,9
683c,9,0,9
683d,9,0,9
6840,9,0,9
6841,9,0,9
6842,9,0,9
6843,9,0,9
6846,9,0,9
6848,9,0,9
684d,9,0,9
684e,9,0,9
6850,9,0,9
6851,9,0,9
6853,9,0,9
6854,9,0,9
6859,9,0,9
685c,9,0,9
685d,9,0,9
685f,9,0,9
6863,9,0,9
6867,9,0,9
6874,9,0,9
6876,9,0,9
6877,9,0,9
687e,9,0,9
687f,9,0,9
6881,9,0,9
6883,9,0,9
6885,9,0,9
688d,9,0,9
688f,9,0,9
6893,9,0,9
6894,9,0,9
6897,9,0,9
689b,9,0,9
689d,9,0,9
689f,9,0,9
68a0,9,0,9
68a2,9,0,9
68a6,9,0,9
68a7,9,0,9
68a8,9,0,9
68ad,9,0,9
68af,9,0,9
68b0,9,0,9
68b1,9,0,9
68b3,9,0,9
68b5,9,0,9
68b6,9,0,9
68b9,9,0,9
68ba,9,0,9
68bc,9,0,9
68c4,9,0,9
68c6,9,0,9
68c9,9,0,9
68ca,9,0,9
68cb,9,0,9
68cd,9,0,9
68d2,9,0,9
68d4,9,0,9
68d5,9,0,9
68d7,9,0,9
68d8,9,0,9
68da,9,0,9
68df,9,0,9
68e0,9,0,9
68e1,9,0,9
68e3,9,0,9
68e7,9,0,9
68ee,9,0,9
68ef,9,0,9
68f2,9,0,9
68f9,9,0,9
68fa,9,0,9
6900,9,0,9
6901,9,0,9
6904,9,0,9
6905,9,0,9
6908,9,0,9
690b,9,0,9
690c,9,0,9
690d,9,0,9
690e,9,0,9
690f,9,0,9
6912,9,0,9
6919,9,0,9
691a,9,0,9
691b,9,0,9
691c,9,0,9
6921,9,0,9
6922,9,0,9
6923,9,0,9
6925,9,0,9
6926,9,0,9
6928,9,0,9
692a,9,0,9
6930,9,0,9
6934,9,0,9
6936,9,0,9
6939,9,0,9
693d,9,0,9
693f,9,0,9
694a,9,0,9
6953,9,0,9
6954,9,0,9
6955,9,0,9
6959,9,0,9
695a,9,0,9
695c,9,0,9
695d,9,0,9
695e,9,0,9
6960,9,0,9
6961,9,0,9
6962,9,0,9
696a,9,0,9
696b,9,0,9
696d,9,0,9
696e,9,0,9
696f,9,0,9
6973,9,0,9
6974,9,0,9
6975,9,0,9
6977,9,0,9
6978,9,0,9
6979,9,0,9
697c,9,0,9
697d,9,0,9
697e,9,0,9
6981,9,0,9
6982,9,0,9
698a,9,0,9
698e,9,0,9
6991,9,0,9
6994,9,0,9
6995,9,0,9
699b,9,0,9
699c,9,0,9
69a0,9,0,9
69a7,9,0,9
69ae,9,0,9
69b1,9,0,9
69b2,9,0,9
69b4,9,0,9
69bb,9,0,9
69be,9,0,9
69bf,9,0,9
69c1,9,0,9
69c3,9,0,9
69c7,9,0,9
69ca,9,0,9
69cb,9,0,9
69cc,9,0,9
69cd,9,0,9
69ce,9,0,9
69d0,9,0,9
69d3,9,0,9
69d8,9,0,9
69d9,9,0,9
69dd,9,0,9
69de,9,0,9
69e7,9,0,9
69e8,9,0,9
69eb,9,0,9
69ed,9,0,9
69f2,9,0,9
69f9,9,0,9
69fb,9,0,9
69fd,9,0,9
69ff,9,0,9
6a02,9,0,9
6a05,9,0,9
6a0a,9,0,9
6a0b,9,0,9
6a0c,9,0,9
6a12,9,0,9
6a13,9,0,9
6a14,9,0,9
6a17,9,0,9
6a19,9,0,9
6a1b,9,0,9
6a1e,9,0,9
6a1f,9,0,9
6a21,9,0,9
6a22,9,0,9
6a23,9,0,9
6a29,9,0,9
6a2a,9,0,9
6a2b,9,0,9
6a2e,9,0,9
6a35,9,0,9
6a36,9,0,9
6a38,9,0,9
6a39,9,0,9
6a3a,9,0,9
6a3d,9,0,9
6a44,9,0,9
6a47,9,0,9
6a48,9,0,9
6a4b,9,0,9
6a58,9,0,9
6a59,9,0,9
6a5f,9,0,9
6a61,9,0,9
6a62,9,0,9
6a66,9,0,9
6a72,9,0,9
6a78,9,0,9
6a7f,9,0,9
6a80,9,0,9
6a84,9,0,9
6a8d,9,0,9
6a8e,9,0,9
6a90,9,0,9
6a97,9,0,9
6a9c,9,0,9
6aa0,9,0,9
6aa2,9,0,9
6aa3,9,0,9
6aaa,9,0,9
6aac,9,0,9
6aae,9,0,9
6ab3,9,0,9
6ab8,9,0,9
6abb,9,0,9
6ac1,9,0,9
6ac2,9,0,9
6ac3,9,0,9
6ad1,9,0,9
6ad3,9,0,9
6ada,9,0,9
6adb,9,0,9
6ade,9,0,9
6adf,9,0,9
6ae8,9,0,9
6aea,9,0,9
6afa,9,0,9
6afb,9,0,9
6b04,9,0,9
6b05,9,0,9
6b0a,9,0,9
6b12,9,0,9
6b16,9,0,9
6b1d,9,0,9
6b1f,9,0,9
6b20,9,0,9
6b21,9,0,9
6b23,9,0,9
6b27,9,0,9
6b32,9,0,9
6b37,9,0,9
6b38,9,0,9
6b39,9,0,9
6b3a,9,0,9
6b3d,9,0,9
6b3e,9,0,9
6b43,9,0,9
6b47,9,0,9
6b49,9,0,9
6b4c,9,0,9
6b4e,9,0,9
6b50,9,0,9
6b53,9,0,9
6b54,9,0,9
6b59,9,0,9
6b5b,9,0,9
6b5f,9,0,9
6b61,9,0,9
6b62,9,0,9
6b63,9,0,9
6b64,9,0,9
6b66,9,0,9
6b69,9,0,9
6b6a,9,0,9
6b6f,9,0,9
6b73,9,0,9
6b74,9,0,9
6b78,9,0,9
6b79,9,0,9
6b7b,9,0,9
6b7f,9,0,9
6b80,9,0,9
6b83,9,0,9
6b84,9,0,9
6b86,9,0,9
6b89,9,0,9
6b8a,9,0,9
6b8b,9,0,9
6b8d,9,0,9
6b95,9,0,9
6b96,9,0,9
6b98,9,0,9
6b9e,9,0,9
6ba4,9,0,9
6baa,9,0,9
6bab,9,0,9
6baf,9,0,9
6bb1,9,0,9
6bb2,9,0,9
6bb3,9,0,9
6bb4,9,0,9
6bb5,9,0,9
6bb7,9,0,9
6bba,9,0,9
6bbb,9,0,9
6bbc,9,0,9
6bbf,9,0,9
6bc0,9,0,9
6bc5,9,0,9
6bc6,9,0,9
6bcb,9,0,9
6bcd,9,0,9
6bce,9,0,9
6bd2,9,0,9
6bd3,9,0,9
6bd4,9,0,9
6bd8,9,0,9
6bdb,9,0,9
6bdf,9,0,9
6beb,9,0,9
6bec,9,0,9
6bef,9,0,9
6bf3,9,0,9
6c08,9,0,9
6c0f,9,0,9
6c11,9,0,9
6c13,9,0,9
6c14,9,0,9
6c17,9,0,9
6c1b,9,0,9
6c23,9,0,9
6c24,9,0,9
6c34,9,0,9
6c37,9,0,9
6c38,9,0,9
6c3e,9,0,9
6c40,9,0,9
6c41,9,0,9
6c42,9,0,9
6c4e,9,0,9
6c50,9,0,9
6c55,9,0,9
6c57,9,0,9
6c5a,9,0,9
6c5d,9,0,9
6c5e,9,0,9
6c5f,9,0,9
6c60,9,0,9
6c62,9,0,9
6c68,9,0,9
6c6a,9,0,9
6c70,9,0,9
6c72,9,0,9
6c73,9,0,9
6c7a,9,0,9
6c7d,9,0,9
6c7e,9,0,9
6c81,9,0,9
6c82,9,0,9
6c83,9,0,9
6c88,9,0,9
6c8c,9,0,9
6c8d,9,0,9
6c90,9,0,9
6c92,9,0,9
6c93,9,0,9
6c96,9,0,9
6c99,9,0,9
6c9a,9,0,9
6c9b,9,0,9
6ca1,9,0,9
6ca2,9,0,9
6cab,9,0,9
6cae,9,0,9
6cb1,9,0,9
6cb3,9,0,9
6cb8,9,0,9
6cb9,9,0,9
6cba,9,0,9
6cbb,9,0,9
6cbc,9,0,9
6cbd,9,0,9
6cbe,9,0,9
6cbf,9,0,9
6cc1,9,0,9
6cc4,9,0,9
6cc5,9,0,9
6cc9,9,0,9
6cca,9,0,9
6ccc,9,0,9
6cd3,9,0,9
6cd5,9,0,9
6cd7,9,0,9
6cd9,9,0,9
6cdb,9,0,9
6cdd,9,0,9
6ce1,9,0,9
6ce2,9,0,9
6ce3,9,0,9
6ce5,9,0,9
6ce8,9,0,9
6cea,9,0,9
6cef,9,0,9
6cf0,9,0,9
6cf1,9,0,9
6cf3,9,0,9
6d0b,9,0,9
6d0c,9,0,9
6d12,9,0,9
6d17,9,0,9
6d19,9,0,9
6d1b,9,0,9
6d1e,9,0,9
6d1f,9,0,9
6d25,9,0,9
6d29,9,0,9
6d2a,9,0,9
6d2b,9,0,9
6d32,9,0,9
6d33,9,0,9
6d35,9,0,9
6d36,9,0,9
6d38,9,0,9
6d3b,9,0,9
6d3d,9,0,9
6d3e,9,0,9
6d41,9,0,9
6d44,9,0,9
6d45,9,0,9
6d59,9,0,9
6d5a,9,0,9
6d5c,9,0,9
6d63,9,0,9
6d64,9,0,9
6d66,9,0,9
6d69,9,0,9
6d6a,9,0,9
6d6c,9,0,9
6d6e,9,0,9
6d74,9,0,9
6d77,9,0,9
6d78,9,0,9
6d79,9,0,9
6d85,9,0,9
6d88,9,0,9
6d8c,9,0,9
6d8e,9,0,9
6d93,9,0,9
6d95,9,0,9
6d99,9,0,9
6d9b,9,0,9
6d9c,9,0,9
6daf,9,0,9
6db2,9,0,9
6db5,9,0,9
6db8,9,0,9
6dbc,9,0,9
6dc0,9,0,9
6dc5,9,0,9
6dc6,9,0,9
6dc7,9,0,9
6dcb,9,0,9
6dcc,9,0,9
6dd1,9,0,9
6dd2,9,0,9
6dd5,9,0,9
6dd8,9,0,9
6dd9,9,0,9
6dde,9,0,9
6de1,9,0,9
6de4,9,0,9
6de6,9,0,9
6de8,9,0,9
6dea,9,0,9
6deb,9,0,9
6dec,9,0,9
6dee,9,0,9
6df1,9,0,9
6df3,9,0,9
6df5,9,0,9
6df7,9,0,9
6df9,9,0,9
6dfa,9,0,9
6dfb,9,0,9
6e05,9,0,9
6e07,9,0,9
6e08,9,0,9
6e09,9,0,9
6e0a,9,0,9
6e0b,9,0,9
6e13,9,0,9
6e15,9,0,9
6e19,9,0,9
6e1a,9,0,9
6e1b,9,0,9
6e1d,9,0,9
6e1f,9,0,9
6e20,9,0,9
6e21,9,0,9
6e23,9,0,9
6e24,9,0,9
6e25,9,0,9
6e26,9,0,9
6e29,9,0,9
6e2b,9,0,9
6e2c,9,0,9
6e2d,9,0,9
6e2e,9,0,9
6e2f,9,0,9
6e38,9,0,9
6e3a,9,0,9
6e3e,9,0,9
6e43,9,0,9
6e4a,9,0,9
6e4d,9,0,9
6e4e,9,0,9
6e56,9,0,9
6e58,9,0,9
6e5b,9,0,9
6e5f,9,0,9
6e67,9,0,9
6e6b,9,0,9
6e6e,9,0,9
6e6f,9,0,9
6e72,9,0,9
6e76,9,0,9
6e7e,9,0,9
6e7f,9,0,9
6e80,9,0,9
6e82,9,0,9
6e8c,9,0,9
6e8f,9,0,9
6e90,9,0,9
6e96,9,0,9
6e98,9,0,9
6e9c,9,0,9
6e9d,9,0,9
6e9f,9,0,9
6ea2,9,0,9
6ea5,9,0,9
6eaa,9,0,9
6eaf,9,0,9
6eb2,9,0,9
6eb6,9,0,9
6eb7,9,0,9
6eba,9,0,9
6ebd,9,0,9
6ec2,9,0,9
6ec4,9,0,9
6ec5,9,0,9
6ec9,9,0,9
6ecb,9,0,9
6ecc,9,0,9
6ed1,9,0,9
6ed3,9,0,9
6ed4,9,0,9
6ed5,9,0,9
6edd,9,0,9
6ede,9,0,9
6eec,9,0,9
6eef,9,0,9
6ef2,9,0,9
6ef4,9,0,9
6ef7,9,0,9
6ef8,9,0,9
6efe,9,0,9
6eff,9,0,9
6f01,9,0,9
6f02,9,0,9
6f06,9,0,9
6f09,9,0,9
6f0f,9,0,9
6f11,9,0,9
6f13,9,0,9
6f14,9,0,9
6f15,9,0,9
6f20,9,0,9
6f22,9,0,9
6f23,9,0,9
6f2b,9,0,9
6f2c,9,0,9
6f31,9,0,9
6f32,9,0,9
6f38,9,0,9
6f3e,9,0,9
6f3f,9,0,9
6f41,9,0,9
6f45,9,0,9
6f54,9,0,9
6f58,9,0,9
6f5b,9,0,9
6f5c,9,0,9
6f5f,9,0,9
6f64,9,0,9
6f66,9,0,9
6f6d,9,0,9
6f6e,9,0,9
6f6f,9,0,9
6f70,9,0,9
6f74,9,0,9
6f78,9,0,9
6f7a,9,0,9
6f7c,9,0,9
6f80,9,0,9
6f81,9,0,9
6f82,9,0,9
6f84,9,0,9
6f86,9,0,9
6f8e,9,0,9
6f91,9,0,9
6f97,9,0,9
6fa1,9,0,9
6fa3,9,0,9
6fa4,9,0,9
6faa,9,0,9
6fb1,9,0,9
6fb3,9,0,9
6fb9,9,0,9
6fc0,9,0,9
6fc1,9,0,9
6fc2,9,0,9
6fc3,9,0,9
6fc6,9,0,9
6fd4,9,0,9
6fd5,9,0,9
6fd8,9,0,9
6fdb,9,0,9
6fdf,9,0,9
6fe0,9,0,9
6fe1,9,0,9
6fe4,9,0,9
6feb,9,0,9
6fec,9,0,9
6fee,9,0,9
6fef,9,0,9
6ff1,9,0,9
6ff3,9,0,9
6ff6,9,0,9
6ffa,9,0,9
6ffe,9,0,9
7001,9,0,9
7009,9,0,9
700b,9,0,9
700f,9,0,9
7011,9,0,9
7015,9,0,9
7018,9,0,9
701a,9,0,9
701b,9,0,9
701d,9,0,9
701e,9,0,9
701f,9,0,9
7026,9,0,9
7027,9,0,9
702c,9,0,9
7030,9,0,9
7032,9,0,9
703e,9,0,9
704c,9,0,9
7051,9,0,9
7058,9,0,9
7063,9,0,9
706b,9,0,9
706f,9,0,9
7070,9,0,9
7078,9,0,9
707c,9,0,9
707d,9,0,9
7089,9,0,9
708a,9,0,9
708e,9,0,9
7092,9,0,9
7099,9,0,9
70ac,9,0,9
70ad,9,0,9
70ae,9,0,9
70af,9,0,9
70b3,9,0,9
70b8,9,0,9
70b9,9,0,9
70ba,9,0,9
70c8,9,0,9
70cb,9,0,9
70cf,9,0,9
70d9,9,0,9
70dd,9,0,9
70df,9,0,9
70f1,9,0,9
70f9,9,0,9
70fd,9,0,9
7109,9,0,9
7114,9,0,9
7119,9,0,9
711a,9,0,9
711c,9,0,9
7121,9,0,9
7126,9,0,9
7136,9,0,9
713c,9,0,9
7149,9,0,9
714c,9,0,9
714e,9,0,9
7155,9,0,9
7156,9,0,9
7159,9,0,9
7162,9,0,9
7164,9,0,9
7165,9,0,9
7166,9,0,9
7167,9,0,9
7169,9,0,9
716c,9,0,9
716e,9,0,9
717d,9,0,9
7184,9,0,9
7188,9,0,9
718a,9,0,9
718f,9,0,9
7194,9,0,9
7195,9,0,9
7199,9,0,9
719f,9,0,9
71a8,9,0,9
71ac,9,0,9
71b1,9,0,9
71b9,9,0,9
71be,9,0,9
71c3,9,0,9
71c8,9,0,9
71c9,9,0,9
71ce,9,0,9
71d0,9,0,9
71d2,9,0,9
71d4,9,0,9
71d5,9,0,9
71d7,9,0,9
71df,9,0,9
71e0,9,0,9
71e5,9,0,9
71e6,9,0,9
71e7,9,0,9
71ec,9,0,9
71ed,9,0,9
71ee,9,0,9
71f5,9,0,9
71f9,9,0,9
71fb,9,0,9
71fc,9,0,9
71ff,9,0,9
7206,9,0,9
720d,9,0,9
7210,9,0,9
721b,9,0,9
7228,9,0,9
722a,9,0,9
722c,9,0,9
722d,9,0,9
7230,9,0,9
7232,9,0,9
7235,9,0,9
7236,9,0,9
723a,9,0,9
723b,9,0,9
723c,9,0,9
723d,9,0,9
723e,9,0,9
723f,7,0,9
7240,9,0,9
7246,9,0,9
7247,9,0,9
7248,9,0,9
724b,9,0,9
724c,9,0,9
7252,9,0,9
7258,9,0,9
7259,9,0,9
725b,9,0,9
725d,9,0,9
725f,9,0,9
7261,9,0,9
7262,9,0,9
7267,9,0,9
7269,9,0,9
7272,9,0,9
7274,9,0,9
7279,9,0,9
727d,9,0,9
727e,9,0,9
7280,9,0,9
7281,9,0,9
7282,9,0,9
7287,9,0,9
7292,9,0,9
7296,9,0,9
72a0,9,0,9
72a2,9,0,9
72a7,9,0,9
72ac,9,0,9
72af,9,0,9
72b2,9,0,9
72b6,9,0,9
72b9,9,0,9
72c2,9,0,9
72c3,9,0,9
72c4,9,0,9
72c6,9,0,9
72ce,9,0,9
72d0,9,0,9
72d2,9,0,9
72d7,9,0,9
72d9,9,0,9
72db,9,0,9
72e0,9,0,9
72e1,9,0,9
72e2,9,0,9
72e9,9,0,9
72ec,9,0,9
72ed,9,0,9
72f7,9,0,9
72f8,9,0,9
72f9,9,0,9
72fc,9,0,9
72fd,9,0,9
730a,9,0,9
7316,9,0,9
7317,9,0,9
731b,9,0,9
731c,9,0,9
731d,9,0,9
731f,9,0,9
7325,9,0,9
7329,9,0,9
732a,9,0,9
732b,9,0,9
732e,9,0,9
732f,9,0,9
7334,9,0,9
7336,9,0,9
7337,9,0,9
733e,9,0,9
733f,9,0,9
7344,9,0,9
7345,9,0,9
734e,9,0,9
734f,9,0,9
7357,9,0,9
7363,9,0,9
7368,9,0,9
736a,9,0,9
7370,9,0,9
7372,9,0,9
7375,9,0,9
7378,9,0,9
737a,9,0,9
737b,9,0,9
7384,9,0,9
7387,9,0,9
7389,9,0,9
738b,9,0,9
7396,9,0,9
73a9,9,0,9
73b2,9,0,9
73b3,9,0,9
73bb,9,0,9
73c0,9,0,9
73c2,9,0,9
73c8,9,0,9
73ca,9,0,9
73cd,9,0,9
73ce,9,0,9
73de,9,0,9
73e0,9,0,9
73e5,9,0,9
73ea,9,0,9
73ed,9,0,9
73ee,9,0,9
73f1,9,0,9
73f8,9,0,9
73fe,9,0,9
7403,9,0,9
7405,9,0,9
7406,9,0,9
7409,9,0,9
7422,9,0,9
7425,9,0,9
7432,9,0,9
7433,9,0,9
7434,9,0,9
7435,9,0,9
7436,9,0,9
743a,9,0,9
743f,9,0,9
7441,9,0,9
7455,9,0,9
7459,9,0,9
745a,9,0,9
745b,9,0,9
745c,9,0,9
745e,9,0,9
745f,9,0,9
7460,9,0,9
7463,9,0,9
7464,9,0,9
7469,9,0,9
746a,9,0,9
746f,9,0,9
7470,9,0,9
7473,9,0,9
7476,9,0,9
747e,9,0,9
7483,9,0,9
748b,9,0,9
749e,9,0,9
74a2,9,0,9
74a7,9,0,9
74b0,9,0,9
74bd,9,0,9
74ca,9,0,9
74cf,9,0,9
74d4,9,0,9
74dc,9,0,9
74e0,9,0,9
74e2,9,0,9
74e3,9,0,9
74e6,9,0,9
74e7,9,0,9
74e9,9,0,9
74ee,9,0,9
74f0,9,0,9
74f1,9,0,9
74f2,9,0,9
74f6,9,0,9
74f7,9,0,9
74f8,9,0,9
7503,9,0,9
7504,9,0,9
7505,9,0,9
750c,9,0,9
750d,9,0,9
750e,9,0,9
7511,9,0,9
7513,9,0,9
7515,9,0,9
7518,9,0,9
751a,9,0,9
751c,9,0,9
751e,9,0,9
751f,9,0,9
7523,9,0,9
7525,9,0,9
7526,9,0,9
7528,9,0,9
752b,9,0,9
752c,9,0,9
7530,9,0,9
7531,9,0,9
7532,9,0,9
7533,9,0,9
7537,9,0,9
7538,9,0,9
753a,9,0,9
753b,9,0,9
753c,9,0,9
7544,9,0,9
7546,9,0,9
7549,9,0,9
754a,9,0,9
754b,9,0,9
754c,9,0,9
754d,9,0,9
754f,9,0,9
7551,9,0,9
7554,9,0,9
7559,9,0,9
755a,9,0,9
755b,9,0,9
755c,9,0,9
755d,9,0,9
7560,9,0,9
7562,9,0,9
7564,9,0,9
7565,9,0,9
7566,9,0,9
7567,9,0,9
7569,9,0,9
756a,9,0,9
756b,9,0,9
756d,9,0,9
7570,9,0,9
7573,9,0,9
7574,9,0,9
7576,9,0,9
7577,9,0,9
7578,9,0,9
757f,9,0,9
7582,9,0,9
7586,9,0,9
7587,9,0,9
7589,9,0,9
758a,9,0,9
758b,9,0,9
758e,9,0,9
758f,9,0,9
7591,9,0,9
7594,9,0,9
759a,9,0,9
759d,9,0,9
75a3,9,0,9
75a5,9,0,9
75ab,9,0,9
75b1,9,0,9
75b2,9,0,9
75b3,9,0,9
75b5,9,0,9
75b8,9,0,9
75b9,9,0,9
75bc,9,0,9
75bd,9,0,9
75be,9,0,9
75c2,9,0,9
75c3,9,0,9
75c5,9,0,9
75c7,9,0,9
75ca,9,0,9
75cd,9,0,9
75d2,9,0,9
75d4,9,0,9
75d5,9,0,9
75d8,9,0,9
75d9,9,0,9
75db,9,0,9
75de,9,0,9
75e2,9,0,9
75e3,9,0,9
75e9,9,0,9
75f0,9,0,9
75f2,9,0,9
75f3,9,0,9
75f4,9,0,9
75fa,9,0,9
75fc,9,0,9
75fe,9,0,9
75ff,9,0,9
7601,9,0,9
7609,9,0,9
760b,9,0,9
760d,9,0,9
761f,9,0,9
7620,9,0,9
7621,9,0,9
7622,9,0,9
7624,9,0,9
7627,9,0,9
7630,9,0,9
7634,9,0,9
763b,9,0,9
7642,9,0,9
7646,9,0,9
7647,9,0,9
7648,9,0,9
764c,9,0,9
7652,9,0,9
7656,9,0,9
7658,9,0,9
765c,9,0,9
7661,9,0,9
7662,9,0,9
7667,9,0,9
7668,9,0,9
7669,9,0,9
766a,9,0,9
766c,9,0,9
7670,9,0,9
7672,9,0,9
7676,9,0,9
7678,9,0,9
767a,9,0,9
767b,9,0,9
767c,9,0,9
767d,8,0,9
767e,9,0,9
7680,9,0,9
7683,9,0,9
7684,9,0,9
7686,9,0,9
7687,9,0,9
7688,9,0,9
768b,9,0,9
768e,9,0,9
7690,9,0,9
7693,9,0,9
7696,9,0,9
7699,9,0,9
769a,9,0,9
76ae,9,0,9
76b0,9,0,9
76b4,9,0,9
76b7,9,0,9
76b8,9,0,9
76b9,9,0,9
76ba,9,0,9
76bf,9,0,9
76c2,9,0,9
76c3,9,0,9
76c6,9,0,9
76c8,9,0,9
76ca,9,0,9
76cd,9,0,9
76d2,9,0,9
76d6,9,0,9
76d7,9,0,9
76db,9,0,9
76dc,9,0,9
76de,9,0,9
76df,9,0,9
76e1,9,0,9
76e3,9,0,9
76e4,9,0,9
76e5,9,0,9
76e7,9,0,9
76ea,9,0,9
76ee,9,0,9
76f2,9,0,9
76f4,9,0,9
76f8,9,0,9
76fb,9,0,9
76fe,9,0,9
7701,9,0,9
7704,9,0,9
7707,9,0,9
7708,9,0,9
7709,9,0,9
770b,9,0,9
770c,9,0,9
771b,9,0,9
771e,9,0,9
771f,9,0,9
7720,9,0,9
7724,9,0,9
7725,9,0,9
7726,9,0,9
7729,9,0,9
7737,9,0,9
7738,9,0,9
773a,9,0,9
773c,9,0,9
7740,9,0,9
7747,9,0,9
775a,9,0,9
775b,9,0,9
7761,9,0,9
7763,9,0,9
7765,9,0,9
7766,9,0,9
7768,9,0,9
776b,9,0,9
7779,9,0,9
777e,9,0,9
777f,9,0,9
778b,9,0,9
778e,9,0,9
7791,9,0,9
779e,9,0,9
77a0,9,0,9
77a5,9,0,9
77ac,9,0,9
77ad,9,0,9
77b0,9,0,9
77b3,9,0,9
77b6,9,0,9
77b9,9,0,9
77bb,9,0,9
77bc,9,0,9
77bd,9,0,9
77bf,9,0,9
77c7,9,0,9
77cd,9,0,9
77d7,9,0,9
77da,9,0,9
77db,9,0,9
77dc,9,0,9
77e2,9,0,9
77e3,9,0,9
77e5,9,0,9
77e7,9,0,9
77e9,9,0,9
77ed,9,0,9
77ee,9,0,9
77ef,9,0,9
77f3,9,0,9
77fc,9,0,9
7802,9,0,9
780c,9,0,9
7812,9,0,9
7814,9,0,9
7815,9,0,9
7820,9,0,9
7825,9,0,9
7826,9,0,9
7827,9,0,9
7832,9,0,9
7834,9,0,9
783a,9,0,9
783f,9,0,9
7845,9,0,9
785d,9,0,9
786b,9,0,9
786c,9,0,9
786f,9,0,9
7872,9,0,9
7874,9,0,9
787c,9,0,9
7881,9,0,9
7886,9,0,9
7887,9,0,9
788c,9,0,9
788d,9,0,9
788e,9,0,9
7891,9,0,9
7893,9,0,9
7895,9,0,9
7897,9,0,9
789a,9,0,9
78a3,9,0,9
78a7,9,0,9
78a9,9,0,9
78aa,9,0,9
78af,9,0,9
78b5,9,0,9
78ba,9,0,9
78bc,9,0,9
78be,9,0,9
78c1,9,0,9
78c5,9,0,9
78c6,9,0,9
78ca,9,0,9
78cb,9,0,9
78d0,9,0,9
78d1,9,0,9
78d4,9,0,9
78da,9,0,9
78e7,9,0,9
78e8,9,0,9
78ec,9,0,9
78ef,9,0,9
78f4,9,0,9
78fd,9,0,9
7901,9,0,9
7907,9,0,9
790e,9,0,9
7911,9,0,9
7912,9,0,9
7919,9,0,9
7926,9,0,9
792a,9,0,9
792b,9,0,9
792c,9,0,9
793a,9,0,9
793c,9,0,9
793e,9,0,9
7940,9,0,9
7941,9,0,9
7947,9,0,9
7948,9,0,9
7949,9,0,9
7950,9,0,9
7953,9,0,9
7955,9,0,9
7956,9,0,9
7957,9,0,9
795a,9,0,9
795d,9,0,9
795e,9,0,9
795f,9,0,9
7960,9,0,9
7962,9,0,9
7965,9,0,9
7968,9,0,9
796d,9,0,9
7977,9,0,9
797a,9,0,9
797f,9,0,9
7980,9,0,9
7981,9,0,9
7984,9,0,9
7985,9,0,9
798a,9,0,9
798d,9,0,9
798e,9,0,9
798f,9,0,9
799d,9,0,9
79a6,9,0,9
79a7,9,0,9
79aa,9,0,9
79ae,9,0,9
79b0,9,0,9
79b3,9,0,9
79b9,9,0,9
79ba,9,0,9
79bd,9,0,9
79be,9,0,9
79bf,9,0,9
79c0,9,0,9
79c1,9,0,9
79c9,9,0,9
79cb,9,0,9
79d1,9,0,9
79d2,9,0,9
79d5,9,0,9
79d8,9,0,9
79df,9,0,9
79e1,9,0,9
79e3,9,0,9
79e4,9,0,9
79e6,9,0,9
79e7,9,0,9
79e9,9,0,9
79ec,9,0,9
79f0,9,0,9
79fb,9,0,9
7a00,9,0,9
7a08,9,0,9
7a0b,9,0,9
7a0d,9,0,9
7a0e,9,0,9
7a14,9,0,9
7a17,9,0,9
7a18,9,0,9
7a19,9,0,9
7a1a,9,0,9
7a1c,9,0,9
7a1f,9,0,9
7a20,9,0,9
7a2e,9,0,9
7a31,9,0,9
7a32,9,0,9
7a37,9,0,9
7a3b,9,0,9
7a3c,9,0,9
7a3d,9,0,9
7a3e,9,0,9
7a3f,9,0,9
7a40,9,0,9
7a42,9,0,9
7a43,9,0,9
7a46,9,0,9
7a49,9,0,9
7a4d,9,0,9
7a4e,9,0,9
7a4f,9,0,9
7a50,9,0,9
7a57,9,0,9
7a61,9,0,9
7a62,9,0,9
7a63,9,0,9
7a69,9,0,9
7a6b,9,0,9
7a70,9,0,9
7a74,9,0,9
7a76,9,0,9
7a79,9,0,9
7a7a,9,0,9
7a7d,9,0,9
7a7f,9,0,9
7a81,9,0,9
7a83,9,0,9
7a84,9,0,9
7a88,9,0,9
7a92,9,0,9
7a93,9,0,9
7a95,9,0,9
7a96,9,0,9
7a97,9,0,9
7a98,9,0,9
7a9f,9,0,9
7aa9,9,0,9
7aaa,9,0,9
7aae,9,0,9
7aaf,9,0,9
7ab0,9,0,9
7ab6,9,0,9
7aba,9,0,9
7abf,9,0,9
7ac3,9,0,9
7ac4,9,0,9
7ac5,9,0,9
7ac7,9,0,9
7ac8,9,0,9
7aca,9,0,9
7acb,9,0,9
7acd,9,0,9
7acf,9,0,9
7ad2,9,0,9
7ad3,9,0,9
7ad5,9,0,9
7ad9,9,0,9
7ada,9,0,9
7adc,9,0,9
7add,9,0,9
7adf,9,0,9
7ae0,9,0,9
7ae1,9,0,9
7ae2,9,0,9
7ae3,9,0,9
7ae5,9,0,9
7ae6,9,0,9
7aea,9,0,9
7aed,9,0,9
7aef,9,0,9
7af0,9,0,9
7af6,9,0,9
7af8,9,0,9
7af9,9,0,9
7afa,9,0,9
7aff,9,0,9
7b02,9,0,9
7b04,9,0,9
7b06,9,0,9
7b08,9,0,9
7b0a,9,0,9
7b0b,9,0,9
7b0f,9,0,9
7b11,9,0,9
7b18,9,0,9
7b19,9,0,9
7b1b,9,0,9
7b1e,9,0,9
7b20,9,0,9
7b25,9,0,9
7b26,9,0,9
7b28,9,0,9
7b2c,9,0,9
7b33,9,0,9
7b35,9,0,9
7b36,9,0,9
7b39,9,0,9
7b45,9,0,9
7b46,9,0,9
7b48,9,0,9
7b49,9,0,9
7b4b,9,0,9
7b4c,9,0,9
7b4d,9,0,9
7b4f,9,0,9
7b50,9,0,9
7b51,9,0,9
7b52,9,0,9
7b54,9,0,9
7b56,9,0,9
7b5d,9,0,9
7b65,9,0,9
7b67,9,0,9
7b6c,9,0,9
7b6e,9,0,9
7b70,9,0,9
7b71,9,0,9
7b74,9,0,9
7b75,9,0,9
7b7a,9,0,9
7b86,9,0,9
7b87,9,0,9
7b8b,9,0,9
7b8d,9,0,9
7b8f,9,0,9
7b92,9,0,9
7b94,9,0,9
7b95,9,0,9
7b97,9,0,9
7b98,9,0,9
7b99,9,0,9
7b9a,9,0,9
7b9c,9,0,9
7b9d,9,0,9
7b9f,9,0,9
7ba1,9,0,9
7baa,9,0,9
7bad,9,0,9
7bb1,9,0,9
7bb4,9,0,9
7bb8,9,0,9
7bc0,9,0,9
7bc1,9,0,9
7bc4,9,0,9
7bc6,9,0,9
7bc7,9,0,9
7bc9,9,0,9
7bcb,9,0,9
7bcc,9,0,9
7bcf,9,0,9
7bdd,9,0,9
7be0,9,0,9
7be4,9,0,9
7be5,9,0,9
7be6,9,0,9
7be9,9,0,9
7bed,9,0,9
7bf3,9,0,9
7bf6,9,0,9
7bf7,9,0,9
7c00,9,0,9
7c07,9,0,9
7c0d,9,0,9
7c11,9,0,9
7c12,9,0,9
7c13,9,0,9
7c14,9,0,9
7c17,9,0,9
7c1f,9,0,9
7c21,9,0,9
7c23,9,0,9
7c27,9,0,9
7c2a,9,0,9
7c2b,9,0,9
7c37,9,0,9
7c38,9,0,9
7c3d,9,0,9
7c3e,9,0,9
7c3f,9,0,9
7c40,9,0,9
7c43,9,0,9
7c4c,9,0,9
7c4d,9,0,9
7c4f,9,0,9
7c50,9,0,9
7c54,9,0,9
7c56,9,0,9
7c58,9,0,9
7c5f,9,0,9
7c60,9,0,9
7c64,9,0,9
7c65,9,0,9
7c6c,9,0,9
7c73,9,0,9
7c75,9,0,9
7c7e,9,0,9
7c81,9,0,9
7c82,9,0,9
7c83,9,0,9
7c89,9,0,9
7c8b,9,0,9
7c8d,9,0,9
7c90,9,0,9
7c92,9,0,9
7c95,9,0,9
7c97,9,0,9
7c98,9,0,9
7c9b,9,0,9
7c9f,9,0,9
7ca1,9,0,9
7ca2,9,0,9
7ca4,9,0,9
7ca5,9,0,9
7ca7,9,0,9
7ca8,9,0,9
7cab,9,0,9
7cad,9,0,9
7cae,9,0,9
7cb1,9,0,9
7cb2,9,0,9
7cb3,9,0,9
7cb9,9,0,9
7cbd,9,0,9
7cbe,9,0,9
7cc0,9,0,9
7cc2,9,0,9
7cc5,9,0,9
7cca,9,0,9
7cce,9,0,9
7cd2,9,0,9
7cd6,9,0,9
7cd8,9,0,9
7cdc,9,0,9
7cde,9,0,9
7cdf,9,0,9
7ce0,9,0,9
7ce2,9,0,9
7ce7,9,0,9
7cef,9,0,9
7cf2,9,0,9
7cf4,9,0,9
7cf6,9,0,9
7cf8,9,0,9
7cfa,9,0,9
7cfb,9,0,9
7cfe,9,0,9
7d00,9,0,9
7d02,9,0,9
7d04,9,0,9
7d05,9,0,9
7d06,9,0,9
7d0a,9,0,9
7d0b,9,0,9
7d0d,9,0,9
7d10,9,0,9
7d14,9,0,9
7d15,9,0,9
7d17,9,0,9
7d18,9,0,9
7d19,9,0,9
7d1a,9,0,9
7d1b,9,0,9
7d1c,9,0,9
7d20,9,0,9
7d21,9,0,9
7d22,9,0,9
7d2b,9,0,9
7d2c,9,0,9
7d2e,9,0,9
7d2f,9,0,9
7d30,9,0,9
7d32,9,0,9
7d33,9,0,9
7d35,9,0,9
7d39,9,0,9
7d3a,9,0,9
7d3f,9,0,9
7d42,9,0,9
7d43,9,0,9
7d44,9,0,9
7d45,9,0,9
7d46,9,0,9
7d4b,9,0,9
7d4c,9,0,9
7d4e,9,0,9
7d4f,9,0,9
7d50,9,0,9
7d56,9,0,9
7d5b,9,0,9
7d5e,9,0,9
7d61,9,0,9
7d62,9,0,9
7d63,9,0,9
7d66,9,0,9
7d68,9,0,9
7d6e,9,0,9
7d71,9,0,9
7d72,9,0,9
7d73,9,0,9
7d75,9,0,9
7d76,9,0,9
7d79,9,0,9
7d7d,9,0,9
7d89,9,0,9
7d8f,9,0,9
7d93,9,0,9
7d99,9,0,9
7d9a,9,0,9
7d9b,9,0,9
7d9c,9,0,9
7d9f,9,0,9
7da2,9,0,9
7da3,9,0,9
7dab,9,0,9
7dac,9,0,9
7dad,9,0,9
7dae,9,0,9
7daf,9,0,9
7db0,9,0,9
7db1,9,0,9
7db2,9,0,9
7db4,9,0,9
7db5,9,0,9
7db8,9,0,9
7dba,9,0,9
7dbb,9,0,9
7dbd,9,0,9
7dbe,9,0,9
7dbf,9,0,9
7dc7,9,0,9
7dca,9,0,9
7dcb,9,0,9
7dcf,9,0,9
7dd1,9,0,9
7dd2,9,0,9
7dd5,9,0,9
7dd8,9,0,9
7dda,9,0,9
7ddc,9,0,9
7ddd,9,0,9
7dde,9,0,9
7de0,9,0,9
7de1,9,0,9
7de4,9,0,9
7de8,9,0,9
7de9,9,0,9
7dec,9,0,9
7def,9,0,9
7df2,9,0,9
7df4,9,0,9
7dfb,9,0,9
7e01,9,0,9
7e04,9,0,9
7e05,9,0,9
7e09,9,0,9
7e0a,9,0,9
7e0b,9,0,9
7e12,9,0,9
7e1b,9,0,9
7e1e,9,0,9
7e1f,9,0,9
7e21,9,0,9
7e22,9,0,9
7e23,9,0,9
7e26,9,0,9
7e2b,9,0,9
7e2e,9,0,9
7e31,9,0,9
7e32,9,0,9
7e35,9,0,9
7e37,9,0,9
7e39,9,0,9
7e3a,9,0,9
7e3b,9,0,9
7e3d,9,0,9
7e3e,9,0,9
7e41,9,0,9
7e43,9,0,9
7e46,9,0,9
7e4a,9,0,9
7e4b,9,0,9
7e4d,9,0,9
7e54,9,0,9
7e55,9,0,9
7e56,9,0,9
7e59,9,0,9
7e5a,9,0,9
7e5d,9,0,9
7e5e,9,0,9
7e66,9,0,9
7e67,9,0,9
7e69,9,0,9
7e6a,9,0,9
7e6d,9,0,9
7e70,9,0,9
7e79,9,0,9
7e7b,9,0,9
7e7c,9,0,9
7e7d,9,0,9
7e7f,9,0,9
7e82,9,0,9
7e83,9,0,9
7e88,9,0,9
7e89,9,0,9
7e8c,9,0,9
7e8e,9,0,9
7e8f,9,0,9
7e90,9,0,9
7e92,9,0,9
7e93,9,0,9
7e94,9,0,9
7e96,9,0,9
7e9b,9,0,9
7e9c,9,0,9
7f36,9,0,9
7f38,9,0,9
7f3a,9,0,9
7f45,9,0,9
7f4c,9,0,9
7f4d,9,0,9
7f4e,9,0,9
7f50,9,0,9
7f51,9,0,9
7f54,9,0,9
7f55,9,0,9
7f58,9,0,9
7f5f,9,0,9
7f60,9,0,9
7f67,9,0,9
7f68,9,0,9
7f69,9,0,9
7f6a,9,0,9
7f6b,9,0,9
7f6e,9,0,9
7f70,9,0,9
7f72,9,0,9
7f75,9,0,9
7f77,9,0,9
7f78,9,0,9
7f79,9,0,9
7f82,9,0,9
7f83,9,0,9
7f85,9,0,9
7f86,9,0,9
7f87,9,0,9
7f88,9,0,9
7f8a,9,0,9
7f8c,9,0,9
7f8e,9,0,9
7f94,9,0,9
7f9a,9,0,9
7f9d,9,0,9
7f9e,9,0,9
7fa3,9,0,9
7fa4,9,0,9
7fa8,9,0,9
7fa9,9,0,9
7fae,9,0,9
7faf,9,0,9
7fb2,9,0,9
7fb6,9,0,9
7fb8,9,0,9
7fb9,9,0,9
7fbd,9,0,9
7fc1,9,0,9
7fc5,9,0,9
7fc6,9,0,9
7fca,9,0,9
7fcc,9,0,9
7fd2,9,0,9
7fd4,9,0,9
7fd5,9,0,9
7fe0,9,0,9
7fe1,9,0,9
7fe6,9,0,9
7fe9,9,0,9
7feb,9,0,9
7ff0,9,0,9
7ff3,9,0,9
7ff9,9,0,9
7ffb,9,0,9
7ffc,9,0,9
8000,9,0,9
8001,9,0,9
8003,9,0,9
8004,9,0,9
8005,9,0,9
8006,9,0,9
800b,9,0,9
800c,9,0,9
8010,9,0,9
8012,9,0,9
8015,9,0,9
8017,9,0,9
8018,9,0,9
8019,9,0,9
801c,9,0,9
8021,9,0,9
8028,9,0,9
8033,9,0,9
8036,9,0,9
803b,9,0,9
803d,9,0,9
803f,9,0,9
8046,9,0,9
804a,9,0,9
8052,9,0,9
8056,9,0,9
8058,9,0,9
805a,9,0,9
805e,9,0,9
805f,9,0,9
8061,9,0,9
8062,9,0,9
8068,9,0,9
806f,9,0,9
8070,9,0,9
8072,9,0,9
8073,9,0,9
8074,9,0,9
8076,9,0,9
8077,9,0,9
8079,9,0,9
807d,9,0,9
807e,9,0,9
807f,9,0,9
8084,9,0,9
8085,9,0,9
8086,9,0,9
8087,9,0,9
8089,9,0,9
808b,9,0,9
808c,9,0,9
8093,9,0,9
8096,9,0,9
8098,9,0,9
809a,9,0,9
809b,9,0,9
809d,9,0,9
80a1,9,0,9
80a2,9,0,9
80a5,9,0,9
80a9,9,0,9
80aa,9,0,9
80ac,9,0,9
80ad,9,0,9
80af,9,0,9
80b1,9,0,9
80b2,9,0,9
80b4,9,0,9
80ba,9,0,9
80c3,9,0,9
80c4,9,0,9
80c6,9,0,9
80cc,9,0,9
80ce,9,0,9
80d6,9,0,9
80d9,9,0,9
80da,9,0,9
80db,9,0,9
80dd,9,0,9
80de,9,0,9
80e1,9,0,9
80e4,9,0,9
80e5,9,0,9
80ef,9,0,9
80f1,9,0,9
80f4,9,0,9
80f8,9,0,9
80fc,9,0,9
80fd,9,0,9
8102,9,0,9
8105,9,0,9
8106,9,0,9
8107,9,0,9
8108,9,0,9
8109,9,0,9
810a,9,0,9
811a,9,0,9
811b,9,0,9
8123,9,0,9
8129,9,0,9
812f,9,0,9
8131,9,0,9
8133,9,0,9
8139,9,0,9
813e,9,0,9
8146,9,0,9
814b,9,0,9
814e,9,0,9
8150,9,0,9
8151,9,0,9
8153,9,0,9
8154,9,0,9
8155,9,0,9
815f,9,0,9
8165,9,0,9
8166,9,0,9
816b,9,0,9
816e,9,0,9
8170,9,0,9
8171,9,0,9
8174,9,0,9
8178,9,0,9
8179,9,0,9
817a,9,0,9
817f,9,0,9
8180,9,0,9
8182,9,0,9
8183,9,0,9
8188,9,0,9
818a,9,0,9
818f,9,0,9
8193,9,0,9
8195,9,0,9
819a,9,0,9
819c,9,0,9
819d,9,0,9
81a0,9,0,9
81a3,9,0,9
81a4,9,0,9
81a8,9,0,9
81a9,9,0,9
81b0,9,0,9
81b3,9,0,9
81b5,9,0,9
81b8,9,0,9
81ba,9,0,9
81bd,9,0,9
81be,9,0,9
81bf,9,0,9
81c0,9,0,9
81c2,9,0,9
81c6,9,0,9
81c8,9,0,9
81c9,9,0,9
81cd,9,0,9
81d1,9,0,9
81d3,9,0,9
81d8,9,0,9
81d9,9,0,9
81da,9,0,9
81df,9,0,9
81e0,9,0,9
81e3,9,0,9
81e5,9,0,9
81e7,9,0,9
81e8,9,0,9
81ea,8,0,9
81ed,9,0,9
81f3,9,0,9
81f4,9,0,9
81fa,9,0,9
81fb,9,0,9
81fc,9,0,9
81fe,9,0,9
8201,9,0,9
8202,9,0,9
8205,9,0,9
8207,9,0,9
8208,9,0,9
8209,9,0,9
820a,9,0,9
820c,9,0,9
820d,9,0,9
820e,9,0,9
8210,9,0,9
8212,9,0,9
8216,9,0,9
8217,9,0,9
8218,9,0,9
821b,9,0,9
821c,9,0,9
821e,9,0,9
821f,9,0,9
8229,9,0,9
822a,9,0,9
822b,9,0,9
822c,9,0,9
822e,9,0,9
8233,9,0,9
8235,9,0,9
8236,9,0,9
8237,9,0,9
8238,9,0,9
8239,9,0,9
8240,9,0,9
8247,9,0,9
8258,9,0,9
8259,9,0,9
825a,9,0,9
825d,9,0,9
825f,9,0,9
8262,9,0,9
8264,9,0,9
8266,9,0,9
8268,9,0,9
826a,9,0,9
826b,9,0,9
826e,9,0,9
826f,9,0,9
8271,9,0,9
8272,9,0,9
8276,9,0,9
8277,9,0,9
8278,9,0,9
827e,9,0,9
828b,9,0,9
828d,9,0,9
8292,9,0,9
8299,9,0,9
829d,9,0,9
829f,9,0,9
82a5,9,0,9
82a6,9,0,9
82ab,9,0,9
82ac,9,0,9
82ad,9,0,9
82af,9,0,9
82b1,9,0,9
82b3,9,0,9
82b8,9,0,9
82b9,9,0,9
82bb,9,0,9
82bd,9,0,9
82c5,9,0,9
82d1,9,0,9
82d2,9,0,9
82d3,9,0,9
82d4,9,0,9
82d7,9,0,9
82d9,9,0,9
82db,9,0,9
82dc,9,0,9
82de,9,0,9
82df,9,0,9
82e1,9,0,9
82e3,9,0,9
82e5,9,0,9
82e6,9,0,9
82e7,9,0,9
82eb,9,0,9
82f1,9,0,9
82f3,9,0,9
82f4,9,0,9
82f9,9,0,9
82fa,9,0,9
82fb,9,0,9
8302,9,0,9
8303,9,0,9
8304,9,0,9
8305,9,0,9
8306,9,0,9
8309,9,0,9
830e,9,0,9
8316,9,0,9
8317,9,0,9
8318,9,0,9
831c,9,0,9
8323,9,0,9
8328,9,0,9
832b,9,0,9
832f,9,0,9
8331,9,0,9
8332,9,0,9
8334,9,0,9
8335,9,0,9
8336,9,0,9
8338,9,0,9
8339,9,0,9
8340,9,0,9
8345,9,0,9
8349,9,0,9
834a,9,0,9
834f,9,0,9
8350,9,0,9
8352,9,0,9
8358,9,0,9
8373,9,0,9
8375,9,0,9
8377,9,0,9
837b,9,0,9
837c,9,0,9
8385,9,0,9
8387,9,0,9
8389,9,0,9
838a,9,0,9
838e,9,0,9
8393,9,0,9
8396,9,0,9
839a,9,0,9
839e,9,0,9
839f,9,0,9
83a0,9,0,9
83a2,9,0,9
83a8,9,0,9
83aa,9,0,9
83ab,9,0,9
83b1,9,0,9
83b5,9,0,9
83bd,9,0,9
83c1,9,0,9
83c5,9,0,9
83ca,9,0,9
83cc,9,0,9
83ce,9,0,9
83d3,9,0,9
83d6,9,0,9
83d8,9,0,9
83dc,9,0,9
83df,9,0,9
83e0,9,0,9
83e9,9,0,9
83eb,9,0,9
83ef,9,0,9
83f0,9,0,9
83f1,9,0,9
83f2,9,0,9
83f4,9,0,9
83f7,9,0,9
83fb,9,0,9
83fd,9,0,9
8403,9,0,9
8404,9,0,9
8407,9,0,9
840b,9,0,9
840c,9,0,9
840d,9,0,9
840e,9,0,9
8413,9,0,9
8420,9,0,9
8422,9,0,9
8429,9,0,9
842a,9,0,9
842c,9,0,9
8431,9,0,9
8435,9,0,9
8438,9,0,9
843c,9,0,9
843d,9,0,9
8446,9,0,9
8449,9,0,9
844e,9,0,9
8457,9,0,9
845b,9,0,9
8461,9,0,9
8462,9,0,9
8463,9,0,9
8466,9,0,9
8469,9,0,9
846b,9,0,9
846c,9,0,9
846d,9,0,9
846e,9,0,9
846f,9,0,9
8471,9,0,9
8475,9,0,9
8477,9,0,9
8479,9,0,9
847a,9,0,9
8482,9,0,9
8484,9,0,9
848b,9,0,9
8490,9,0,9
8494,9,0,9
8499,9,0,9
849c,9,0,9
849f,9,0,9
84a1,9,0,9
84ad,9,0,9
84b2,9,0,9
84b8,9,0,9
84b9,9,0,9
84bb,9,0,9
84bc,9,0,9
84bf,9,0,9
84c1,9,0,9
84c4,9,0,9
84c6,9,0,9
84c9,9,0,9
84ca,9,0,9
84cb,9,0,9
84cd,9,0,9
84d0,9,0,9
84d1,9,0,9
84d6,9,0,9
84d9,9,0,9
84da,9,0,9
84ec,9,0,9
84ee,9,0,9
84f4,9,0,9
84fc,9,0,9
84ff,9,0,9
8500,9,0,9
8506,9,0,9
8511,9,0,9
8513,9,0,9
8514,9,0,9
8515,9,0,9
8517,9,0,9
8518,9,0,9
851a,9,0,9
851f,9,0,9
8521,9,0,9
8526,9,0,9
852c,9,0,9
852d,9,0,9
8535,9,0,9
853d,9,0,9
8540,9,0,9
8541,9,0,9
8543,9,0,9
8548,9,0,9
8549,9,0,9
854a,9,0,9
854b,9,0,9
854e,9,0,9
8555,9,0,9
8557,9,0,9
8558,9,0,9
855a,9,0,9
8563,9,0,9
8568,9,0,9
8569,9,0,9
856a,9,0,9
856d,9,0,9
8577,9,0,9
857e,9,0,9
8580,9,0,9
8584,9,0,9
8587,9,0,9
8588,9,0,9
858a,9,0,9
8590,9,0,9
8591,9,0,9
8594,9,0,9
8597,9,0,9
8599,9,0,9
859b,9,0,9
859c,9,0,9
85a4,9,0,9
85a6,9,0,9
85a8,9,0,9
85a9,9,0,9
85aa,9,0,9
85ab,9,0,9
85ac,9,0,9
85ae,9,0,9
85af,9,0,9
85b9,9,0,9
85ba,9,0,9
85c1,9,0,9
85c9,9,0,9
85cd,9,0,9
85cf,9,0,9
85d0,9,0,9
85d5,9,0,9
85dc,9,0,9
85dd,9,0,9
85e4,9,0,9
85e5,9,0,9
85e9,9,0,9
85ea,9,0,9
85f7,9,0,9
85f9,9,0,9
85fa,9,0,9
85fb,9,0,9
85fe,9,0,9
8602,9,0,9
8606,9,0,9
8607,9,0,9
860a,9,0,9
860b,9,0,9
8613,9,0,9
8616,9,0,9
8617,9,0,9
861a,9,0,9
8622,9,0,9
862d,9,0,9
862f,9,0,9
8630,9,0,9
863f,9,0,9
864d,9,0,9
864e,9,0,9
8650,9,0,9
8654,9,0,9
8655,9,0,9
865a,9,0,9
865c,9,0,9
865e,9,0,9
865f,9,0,9
8667,9,0,9
866b,9,0,9
8671,9,0,9
8679,9,0,9
867b,9,0,9
868a,9,0,9
868b,9,0,9
868c,9,0,9
8693,9,0,9
8695,9,0,9
86a3,9,0,9
86a4,9,0,9
86a9,9,0,9
86aa,9,0,9
86ab,9,0,9
86af,9,0,9
86b0,9,0,9
86b6,9,0,9
86c4,9,0,9
86c6,9,0,9
86c7,9,0,9
86c9,9,0,9
86cb,9,0,9
86cd,9,0,9
86ce,9,0,9
86d4,9,0,9
86d9,9,0,9
86db,9,0,9
86de,9,0,9
86df,9,0,9
86e4,9,0,9
86e9,9,0,9
86ec,9,0,9
86ed,9,0,9
86ee,9,0,9
86ef,9,0,9
86f8,9,0,9
86f9,9,0,9
86fb,9,0,9
86fe,9,0,9
8700,9,0,9
8702,9,0,9
8703,9,0,9
8706,9,0,9
8708,9,0,9
8709,9,0,9
870a,9,0,9
870d,9,0,9
8711,9,0,9
8712,9,0,9
8718,9,0,9
871a,9,0,9
871c,9,0,9
8725,9,0,9
8729,9,0,9
8734,9,0,9
8737,9,0,9
873b,9,0,9
873f,9,0,9
8749,9,0,9
874b,9,0,9
874c,9,0,9
874e,9,0,9
8753,9,0,9
8755,9,0,9
8757,9,0,9
8759,9,0,9
875f,9,0,9
8760,9,0,9
8763,9,0,9
8766,9,0,9
8768,9,0,9
876a,9,0,9
876e,9,0,9
8774,9,0,9
8776,9,0,9
8778,9,0,9
877f,9,0,9
8782,9,0,9
878d,9,0,9
879f,9,0,9
87a2,9,0,9
87ab,9,0,9
87af,9,0,9
87b3,9,0,9
87ba,9,0,9
87bb,9,0,9
87bd,9,0,9
87c0,9,0,9
87c4,9,0,9
87c6,9,0,9
87c7,9,0,9
87cb,9,0,9
87d0,9,0,9
87d2,9,0,9
87e0,9,0,9
87ef,9,0,9
87f2,9,0,9
87f6,9,0,9
87f7,9,0,9
87f9,9,0,9
87fb,9,0,9
87fe,9,0,9
8805,9,0,9
880d,9,0,9
880e,9,0,9
880f,9,0,9
8811,9,0,9
8815,9,0,9
8816,9,0,9
8821,9,0,9
8822,9,0,9
8823,9,0,9
8827,9,0,9
8831,9,0,9
8836,9,0,9
8839,9,0,9
883b,9,0,9
8840,9,0,9
8842,9,0,9
8844,9,0,9
8846,9,0,9
884c,9,0,9
884d,9,0,9
8852,9,0,9
8853,9,0,9
8857,9,0,9
8859,9,0,9
885b,9,0,9
885d,9,0,9
885e,9,0,9
8861,9,0,9
8862,9,0,9
8863,9,0,9
8868,9,0,9
886b,9,0,9
8870,9,0,9
8872,9,0,9
8875,9,0,9
8877,9,0,9
887d,9,0,9
887e,9,0,9
887f,9,0,9
8881,9,0,9
8882,9,0,9
8888,9,0,9
888b,9,0,9
888d,9,0,9
8892,9,0,9
8896,9,0,9
8897,9,0,9
8899,9,0,9
889e,9,0,9
88a2,9,0,9
88a4,9,0,9
88ab,9,0,9
88ae,9,0,9
88b0,9,0,9
88b1,9,0,9
88b4,9,0,9
88b5,9,0,9
88b7,9,0,9
88bf,9,0,9
88c1,9,0,9
88c2,9,0,9
88c3,9,0,9
88c4,9,0,9
88c5,9,0,9
88cf,9,0,9
88d4,9,0,9
88d5,9,0,9
88d8,9,0,9
88d9,9,0,9
88dc,9,0,9
88dd,9,0,9
88df,9,0,9
88e1,9,0,9
88e8,9,0,9
88f2,9,0,9
88f3,9,0,9
88f4,9,0,9
88f8,9,0,9
88f9,9,0,9
88fc,9,0,9
88fd,9,0,9
88fe,9,0,9
8902,9,0,9
8904,9,0,9
8907,9,0,9
890a,9,0,9
890c,9,0,9
8910,9,0,9
8912,9,0,9
8913,9,0,9
891d,9,0,9
891e,9,0,9
8925,9,0,9
892a,9,0,9
892b,9,0,9
8936,9,0,9
8938,9,0,9
893b,9,0,9
8941,9,0,9
8943,9,0,9
8944,9,0,9
894c,9,0,9
894d,9,0,9
8956,9,0,9
895e,9,0,9
895f,9,0,9
8960,9,0,9
8964,9,0,9
8966,9,0,9
896a,9,0,9
896d,9,0,9
896f,9,0,9
8972,9,0,9
8974,9,0,9
8977,9,0,9
897e,9,0,9
897f,9,0,9
8981,9,0,9
8983,9,0,9
8986,9,0,9
8987,9,0,9
8988,9,0,9
898a,9,0,9
898b,9,0,9
898f,9,0,9
8993,9,0,9
8996,9,0,9
8997,9,0,9
8998,9,0,9
899a,9,0,9
89a1,9,0,9
89a6,9,0,9
89a7,9,0,9
89a9,9,0,9
89aa,9,0,9
89ac,9,0,9
89af,9,0,9
89b2,9,0,9
89b3,9,0,9
89ba,9,0,9
89bd,9,0,9
89bf,9,0,9
89c0,9,0,9
89d2,8,0,9
89da,9,0,9
89dc,9,0,9
89dd,9,0,9
89e3,9,0,9
89e6,9,0,9
89e7,9,0,9
89f4,9,0,9
89f8,9,0,9
8a00,9,0,9
8a02,9,0,9
8a03,9,0,9
8a08,9,0,9
8a0a,9,0,9
8a0c,9,0,9
8a0e,9,0,9
8a10,9,0,9
8a13,9,0,9
8a16,9,0,9
8a17,9,0,9
8a18,9,0,9
8a1b,9,0,9
8a1d,9,0,9
8a1f,9,0,9
8a23,9,0,9
8a25,9,0,9
8a2a,9,0,9
8a2d,9,0,9
8a31,9,0,9
8a33,9,0,9
8a34,9,0,9
8a36,9,0,9
8a3a,9,0,9
8a3b,9,0,9
8a3c,9,0,9
8a41,9,0,9
8a46,9,0,9
8a48,9,0,9
8a50,9,0,9
8a51,9,0,9
8a52,9,0,9
8a54,9,0,9
8a55,9,0,9
8a5b,9,0,9
8a5e,9,0,9
8a60,9,0,9
8a62,9,0,9
8a63,9,0,9
8a66,9,0,9
8a69,9,0,9
8a6b,9,0,9
8a6c,9,0,9
8a6d,9,0,9
8a6e,9,0,9
8a70,9,0,9
8a71,9,0,9
8a72,9,0,9
8a73,9,0,9
8a7c,9,0,9
8a82,9,0,9
8a84,9,0,9
8a85,9,0,9
8a87,9,0,9
8a89,9,0,9
8a8c,9,0,9
8a8d,9,0,9
8a91,9,0,9
8a93,9,0,9
8a95,9,0,9
8a98,9,0,9
8a9a,9,0,9
8a9e,9,0,9
8aa0,9,0,9
8aa1,9,0,9
8aa3,9,0,9
8aa4,9,0,9
8aa5,9,0,9
8aa6,9,0,9
8aa8,9,0,9
8aac,9,0,9
8aad,9,0,9
8ab0,9,0,9
8ab2,9,0,9
8ab9,9,0,9
8abc,9,0,9
8abf,9,0,9
8ac2,9,0,9
8ac4,9,0,9
8ac7,9,0,9
8acb,9,0,9
8acc,9,0,9
8acd,9,0,9
8acf,9,0,9
8ad2,9,0,9
8ad6,9,0,9
8ada,9,0,9
8adb,9,0,9
8adc,9,0,9
8ade,9,0,9
8ae0,9,0,9
8ae1,9,0,9
8ae2,9,0,9
8ae4,9,0,9
8ae6,9,0,9
8ae7,9,0,9
8aeb,9,0,9
8aed,9,0,9
8aee,9,0,9
8af1,9,0,9
8af3,9,0,9
8af7,9,0,9
8af8,9,0,9
8afa,9,0,9
8afe,9,0,9
8b00,9,0,9
8b01,9,0,9
8b02,9,0,9
8b04,9,0,9
8b07,9,0,9
8b0c,9,0,9
8b0e,9,0,9
8b10,9,0,9
8b14,9,0,9
8b16,9,0,9
8b17,9,0,9
8b19,9,0,9
8b1a,9,0,9
8b1b,9,0,9
8b1d,9,0,9
8b20,9,0,9
8b21,9,0,9
8b26,9,0,9
8b28,9,0,9
8b2b,9,0,9
8b2c,9,0,9
8b33,9,0,9
8b39,9,0,9
8b3e,9,0,9
8b41,9,0,9
8b49,9,0,9
8b4c,9,0,9
8b4e,9,0,9
8b4f,9,0,9
8b56,9,0,9
8b58,9,0,9
8b5a,9,0,9
8b5b,9,0,9
8b5c,9,0,9
8b5f,9,0,9
8b66,9,0,9
8b6b,9,0,9
8b6c,9,0,9
8b6f,9,0,9
8b70,9,0,9
8b71,9,0,9
8b72,9,0,9
8b74,9,0,9
8b77,9,0,9
8b7d,9,0,9
8b80,9,0,9
8b83,9,0,9
8b8a,9,0,9
8b8c,9,0,9
8b8e,9,0,9
8b90,9,0,9
8b92,9,0,9
8b93,9,0,9
8b96,9,0,9
8b99,9,0,9
8b9a,9,0,9
8c37,9,0,9
8c3a,9,0,9
8c3f,9,0,9
8c41,9,0,9
8c46,9,0,9
8c48,9,0,9
8c4a,9,0,9
8c4c,9,0,9
8c4e,9,0,9
8c50,9,0,9
8c55,9,0,9
8c5a,9,0,9
8c61,9,0,9
8c62,9,0,9
8c6a,9,0,9
8c6b,9,0,9
8c6c,9,0,9
8c78,9,0,9
8c79,9,0,9
8c7a,9,0,9
8c7c,9,0,9
8c82,9,0,9
8c85,9,0,9
8c89,9,0,9
8c8a,9,0,9
8c8c,9,0,9
8c8d,9,0,9
8c8e,9,0,9
8c94,9,0,9
8c98,9,0,9
8c9d,9,0,9
8c9e,9,0,9
8ca0,9,0,9
8ca1,9,0,9
8ca2,9,0,9
8ca7,9,0,9
8ca8,9,0,9
8ca9,9,0,9
8caa,9,0,9
8cab,9,0,9
8cac,9,0,9
8cad,9,0,9
8cae,9,0,9
8caf,9,0,9
8cb0,9,0,9
8cb2,9,0,9
8cb3,9,0,9
8cb4,9,0,9
8cb6,9,0,9
8cb7,9,0,9
8cb8,9,0,9
8cbb,9,0,9
8cbc,9,0,9
8cbd,9,0,9
8cbf,9,0,9
8cc0,9,0,9
8cc1,9,0,9
8cc2,9,0,9
8cc3,9,0,9
8cc4,9,0,9
8cc7,9,0,9
8cc8,9,0,9
8cca,9,0,9
8ccd,9,0,9
8cce,9,0,9
8cd1,9,0,9
8cd3,9,0,9
8cda,9,0,9
8cdb,9,0,9
8cdc,9,0,9
8cde,9,0,9
8ce0,9,0,9
8ce2,9,0,9
8ce3,9,0,9
8ce4,9,0,9
8ce6,9,0,9
8cea,9,0,9
8ced,9,0,9
8cfa,9,0,9
8cfb,9,0,9
8cfc,9,0,9
8cfd,9,0,9
8d04,9,0,9
8d05,9,0,9
8d07,9,0,9
8d08,9,0,9
8d0a,9,0,9
8d0b,9,0,9
8d0d,9,0,9
8d0f,9,0,9
8d10,9,0,9
8d13,9,0,9
8d14,9,0,9
8d16,9,0,9
8d64,9,0,9
8d66,9,0,9
8d67,9,0,9
8d6b,9,0,9
8d6d,9,0,9
8d70,9,0,9
8d71,9,0,9
8d73,9,0,9
8d74,9,0,9
8d77,9,0,9
8d81,9,0,9
8d85,9,0,9
8d8a,9,0,9
8d99,9,0,9
8da3,9,0,9
8da8,9,0,9
8db3,9,0,9
8dba,9,0,9
8dbe,9,0,9
8dc2,9,0,9
8dcb,9,0,9
8dcc,9,0,9
8dcf,9,0,9
8dd6,9,0,9
8dda,9,0,9
8ddb,9,0,9
8ddd,9,0,9
8ddf,9,0,9
8de1,9,0,9
8de3,9,0,9
8de8,9,0,9
8dea,9,0,9
8deb,9,0,9
8def,9,0,9
8df3,9,0,9
8df5,9,0,9
8dfc,9,0,9
8dff,9,0,9
8e08,9,0,9
8e09,9,0,9
8e0a,9,0,9
8e0f,9,0,9
8e10,9,0,9
8e1d,9,0,9
8e1e,9,0,9
8e1f,9,0,9
8e2a,9,0,9
8e30,9,0,9
8e34,9,0,9
8e35,9,0,9
8e42,9,0,9
8e44,9,0,9
8e47,9,0,9
8e48,9,0,9
8e49,9,0,9
8e4a,9,0,9
8e4c,9,0,9
8e50,9,0,9
8e55,9,0,9
8e59,9,0,9
8e5f,9,0,9
8e60,9,0,9
8e63,9,0,9
8e64,9,0,9
8e72,9,0,9
8e74,9,0,9
8e76,9,0,9
8e7c,9,0,9
8e81,9,0,9
8e84,9,0,9
8e85,9,0,9
8e87,9,0,9
8e8a,9,0,9
8e8b,9,0,9
8e8d,9,0,9
8e91,9,0,9
8e93,9,0,9
8e94,9,0,9
8e99,9,0,9
8ea1,9,0,9
8eaa,9,0,9
8eab,9,0,9
8eac,9,0,9
8eaf,9,0,9
8eb0,9,0,9
8eb1,9,0,9
8ebe,9,0,9
8ec5,9,0,9
8ec6,9,0,9
8ec8,9,0,9
8eca,9,0,9
8ecb,9,0,9
8ecc,9,0,9
8ecd,9,0,9
8ed2,9,0,9
8edb,9,0,9
8edf,9,0,9
8ee2,9,0,9
8ee3,9,0,9
8eeb,9,0,9
8ef8,9,0,9
8efb,9,0,9
8efc,9,0,9
8efd,9,0,9
8efe,9,0,9
8f03,9,0,9
8f05,9,0,9
8f09,9,0,9
8f0a,9,0,9
8f0c,9,0,9
8f12,9,0,9
8f13,9,0,9
8f14,9,0,9
8f15,9,0,9
8f19,9,0,9
8f1b,9,0,9
8f1c,9,0,9
8f1d,9,0,9
8f1f,9,0,9
8f26,9,0,9
8f29,9,0,9
8f2a,9,0,9
8f2f,9,0,9
8f33,9,0,9
8f38,9,0,9
8f39,9,0,9
8f3b,9,0,9
8f3e,9,0,9
8f3f,9,0,9
8f42,9,0,9
8f44,9,0,9
8f45,9,0,9
8f46,9,0,9
8f49,9,0,9
8f4c,9,0,9
8f4d,9,0,9
8f4e,9,0,9
8f57,9,0,9
8f5c,9,0,9
8f5f,9,0,9
8f61,9,0,9
8f62,9,0,9
8f63,9,0,9
8f64,9,0,9
8f9b,9,0,9
8f9c,9,0,9
8f9e,9,0,9
8f9f,9,0,9
8fa3,9,0,9
8fa7,9,0,9
8fa8,9,0,9
8fad,9,0,9
8fae,9,0,9
8faf,9,0,9
8fb0,9,0,9
8fb1,9,0,9
8fb2,9,0,9
8fb7,9,0,9
8fba,9,0,9
8fbb,9,0,9
8fbc,9,0,9
8fbf,9,0,9
8fc2,9,0,9
8fc4,9,0,9
8fc5,9,0,9
8fce,9,0,9
8fd1,9,0,9
8fd4,9,0,9
8fda,9,0,9
8fe2,9,0,9
8fe5,9,0,9
8fe6,9,0,9
8fe9,9,0,9
8fea,9,0,9
8feb,9,0,9
8fed,9,0,9
8fef,9,0,9
8ff0,9,0,9
8ff4,9,0,9
8ff7,9,0,9
8ff8,9,0,9
8ff9,9,0,9
8ffa,9,0,9
8ffd,9,0,9
9000,9,0,9
9001,9,0,9
9003,9,0,9
9005,9,0,9
9006,9,0,9
900b,9,0,9
900d,9,0,9
900e,9,0,9
900f,9,0,9
9010,9,0,9
9011,9,0,9
9013,9,0,9
9014,9,0,9
9015,9,0,9
9016,9,0,9
9017,9,0,9
9019,9,0,9
901a,9,0,9
901d,9,0,9
901e,9,0,9
901f,9,0,9
9020,9,0,9
9021,9,0,9
9022,9,0,9
9023,9,0,9
9027,9,0,9
902e,9,0,9
9031,9,0,9
9032,9,0,9
9035,9,0,9
9036,9,0,9
9038,9,0,9
9039,9,0,9
903c,9,0,9
903e,9,0,9
9041,9,0,9
9042,9,0,9
9045,9,0,9
9047,9,0,9
9049,9,0,9
904a,9,0,9
904b,9,0,9
904d,9,0,9
904e,9,0,9
904f,9,0,9
9050,9,0,9
9051,9,0,9
9052,9,0,9
9053,9,0,9
9054,9,0,9
9055,9,0,9
9056,9,0,9
9058,9,0,9
9059,9,0,9
905c,9,0,9
905e,9,0,9
9060,9,0,9
9061,9,0,9
9063,9,0,9
9065,9,0,9
9068,9,0,9
9069,9,0,9
906d,9,0,9
906e,9,0,9
906f,9,0,9
9072,9,0,9
9075,9,0,9
9076,9,0,9
9077,9,0,9
9078,9,0,9
907a,9,0,9
907c,9,0,9
907d,9,0,9
907f,9,0,9
9080,9,0,9
9081,9,0,9
9082,9,0,9
9083,9,0,9
9084,9,0,9
9087,9,0,9
9089,9,0,9
908a,9,0,9
908f,9,0,9
9091,9,0,9
90a3,9,0,9
90a6,9,0,9
90a8,9,0,9
90aa,9,0,9
90af,9,0,9
90b1,9,0,9
90b5,9,0,9
90b8,9,0,9
90c1,9,0,9
90ca,9,0,9
90ce,9,0,9
90db,9,0,9
90e1,9,0,9
90e2,9,0,9
90e4,9,0,9
90e8,9,0,9
90ed,9,0,9
90f5,9,0,9
90f7,9,0,9
90fd,9,0,9
9102,9,0,9
9112,9,0,9
9119,9,0,9
912d,9,0,9
9130,9,0,9
9132,9,0,9
9149,9,0,9
914a,9,0,9
914b,9,0,9
914c,9,0,9
914d,9,0,9
914e,9,0,9
9152,9,0,9
9154,9,0,9
9156,9,0,9
9158,9,0,9
9162,9,0,9
9163,9,0,9
9165,9,0,9
9169,9,0,9
916a,9,0,9
916c,9,0,9
9172,9,0,9
9173,9,0,9
9175,9,0,9
9177,9,0,9
9178,9,0,9
9182,9,0,9
9187,9,0,9
9189,9,0,9
918b,9,0,9
918d,9,0,9
9190,9,0,9
9192,9,0,9
9197,9,0,9
919c,9,0,9
91a2,9,0,9
91a4,9,0,9
91aa,9,0,9
91ab,9,0,9
91af,9,0,9
91b4,9,0,9
91b5,9,0,9
91b8,9,0,9
91ba,9,0,9
91c0,9,0,9
91c1,9,0,9
91c6,9,0,9
91c7,9,0,9
91c8,9,0,9
91c9,9,0,9
91cb,9,0,9
91cc,9,0,9
91cd,9,0,9
91ce,9,0,9
91cf,9,0,9
91d0,9,0,9
91d1,9,0,9
91d6,9,0,9
91d8,9,0,9
91db,9,0,9
91dc,9,0,9
91dd,9,0,9
91df,9,0,9
91e1,9,0,9
91e3,9,0,9
91e6,9,0,9
91e7,9,0,9
91f5,9,0,9
91f6,9,0,9
91fc,9,0,9
91ff,9,0,9
920d,9,0,9
920e,9,0,9
9211,9,0,9
9214,9,0,9
9215,9,0,9
921e,9,0,9
9229,9,0,9
922c,9,0,9
9234,9,0,9
9237,9,0,9
923f,9,0,9
9244,9,0,9
9245,9,0,9
9248,9,0,9
9249,9,0,9
924b,9,0,9
9250,9,0,9
9257,9,0,9
925a,9,0,9
925b,9,0,9
925e,9,0,9
9262,9,0,9
9264,9,0,9
9266,9,0,9
9271,9,0,9
927e,9,0,9
9280,9,0,9
9283,9,0,9
9285,9,0,9
9291,9,0,9
9293,9,0,9
9295,9,0,9
9296,9,0,9
9298,9,0,9
929a,9,0,9
929b,9,0,9
929c,9,0,9
92ad,9,0,9
92b7,9,0,9
92b9,9,0,9
92cf,9,0,9
92d2,9,0,9
92e4,9,0,9
92e9,9,0,9
92ea,9,0,9
92ed,9,0,9
92f2,9,0,9
92f3,9,0,9
92f8,9,0,9
92fa,9,0,9
92fc,9,0,9
9306,9,0,9
930f,9,0,9
9310,9,0,9
9318,9,0,9
9319,9,0,9
931a,9,0,9
9320,9,0,9
9322,9,0,9
9323,9,0,9
9326,9,0,9
9328,9,0,9
932b,9,0,9
932c,9,0,9
932e,9,0,9
932f,9,0,9
9332,9,0,9
9335,9,0,9
933a,9,0,9
933b,9,0,9
9344,9,0,9
934b,9,0,9
934d,9,0,9
9354,9,0,9
9356,9,0,9
935b,9,0,9
935c,9,0,9
9360,9,0,9
936c,9,0,9
936e,9,0,9
9375,9,0,9
937c,9,0,9
937e,9,0,9
938c,9,0,9
9394,9,0,9
9396,9,0,9
9397,9,0,9
939a,9,0,9
93a7,9,0,9
93ac,9,0,9
93ad,9,0,9
93ae,9,0,9
93b0,9,0,9
93b9,9,0,9
93c3,9,0,9
93c8,9,0,9
93d0,9,0,9
93d1,9,0,9
93d6,9,0,9
93d7,9,0,9
93d8,9,0,9
93dd,9,0,9
93e1,9,0,9
93e4,9,0,9
93e5,9,0,9
93e8,9,0,9
9403,9,0,9
9407,9,0,9
9410,9,0,9
9413,9,0,9
9414,9,0,9
9418,9,0,9
9419,9,0,9
941a,9,0,9
9421,9,0,9
942b,9,0,9
9435,9,0,9
9436,9,0,9
9438,9,0,9
943a,9,0,9
9441,9,0,9
9444,9,0,9
9451,9,0,9
9452,9,0,9
9453,9,0,9
945a,9,0,9
945b,9,0,9
945e,9,0,9
9460,9,0,9
9462,9,0,9
946a,9,0,9
9470,9,0,9
9475,9,0,9
9477,9,0,9
947c,9,0,9
947d,9,0,9
947e,9,0,9
947f,9,0,9
9481,9,0,9
9577,9,0,9
9580,9,0,9
9582,9,0,9
9583,9,0,9
9587,9,0,9
9589,9,0,9
958a,9,0,9
958b,9,0,9
958f,9,0,9
9591,9,0,9
9593,9,0,9
9594,9,0,9
9596,9,0,9
9598,9,0,9
9599,9,0,9
95a0,9,0,9
95a2,9,0,9
95a3,9,0,9
95a4,9,0,9
95a5,9,0,9
95a7,9,0,9
95a8,9,0,9
95ad,9,0,9
95b2,9,0,9
95b9,9,0,9
95bb,9,0,9
95bc,9,0,9
95be,9,0,9
95c3,9,0,9
95c7,9,0,9
95ca,9,0,9
95cc,9,0,9
95cd,9,0,9
95d4,9,0,9
95d5,9,0,9
95d6,9,0,9
95d8,9,0,9
95dc,9,0,9
95e1,9,0,9
95e2,9,0,9
95e5,9,0,9
961c,9,0,9
9621,9,0,9
9628,9,0,9
962a,9,0,9
962e,9,0,9
962f,9,0,9
9632,9,0,9
963b,9,0,9
963f,9,0,9
9640,9,0,9
9642,9,0,9
9644,9,0,9
964b,9,0,9
964c,9,0,9
964d,9,0,9
964f,9,0,9
9650,9,0,9
965b,9,0,9
965c,9,0,9
965d,9,0,9
965e,9,0,9
965f,9,0,9
9662,9,0,9
9663,9,0,9
9664,9,0,9
9665,9,0,9
9666,9,0,9
966a,9,0,9
966c,9,0,9
9670,9,0,9
9672,9,0,9
9673,9,0,9
9675,9,0,9
9676,9,0,9
9677,9,0,9
9678,9,0,9
967a,9,0,9
967d,9,0,9
9685,9,0,9
9686,9,0,9
9688,9,0,9
968a,9,0,9
968b,9,0,9
968d,9,0,9
968e,9,0,9
968f,9,0,9
9694,9,0,9
9695,9,0,9
9697,9,0,9
9698,9,0,9
9699,9,0,9
969b,9,0,9
969c,9,0,9
96a0,9,0,9
96a3,9,0,9
96a7,9,0,9
96a8,9,0,9
96aa,9,0,9
96b0,9,0,9
96b1,9,0,9
96b2,9,0,9
96b4,9,0,9
96b6,9,0,9
96b7,9,0,9
96b8,9,0,9
96b9,9,0,9
96bb,9,0,9
96bc,9,0,9
96c0,9,0,9
96c1,9,0,9
96c4,9,0,9
96c5,9,0,9
96c6,9,0,9
96c7,9,0,9
96c9,9,0,9
96cb,9,0,9
96cc,9,0,9
96cd,9,0,9
96ce,9,0,9
96d1,9,0,9
96d5,9,0,9
96d6,9,0,9
96d9,9,0,9
96db,9,0,9
96dc,9,0,9
96e2,9,0,9
96e3,9,0,9
96e8,9,0,9
96ea,9,0,9
96eb,9,0,9
96f0,9,0,9
96f2,9,0,9
96f6,9,0,9
96f7,9,0,9
96f9,9,0,9
96fb,9,0,9
9700,9,0,9
9704,9,0,9
9706,9,0,9
9707,9,0,9
9708,9,0,9
970a,9,0,9
970d,9,0,9
970e,9,0,9
970f,9,0,9
9711,9,0,9
9713,9,0,9
9716,9,0,9
9719,9,0,9
971c,9,0,9
971e,9,0,9
9724,9,0,9
9727,9,0,9
972a,9,0,9
9730,9,0,9
9732,9,0,9
9738,9,0,9
9739,9,0,9
973d,9,0,9
973e,9,0,9
9742,9,0,9
9744,9,0,9
9746,9,0,9
9748,9,0,9
9749,9,0,9
9752,9,0,9
9756,9,0,9
9759,9,0,9
975c,9,0,9
975e,9,0,9
9760,9,0,9
9761,9,0,9
9762,9,0,9
9764,9,0,9
9766,9,0,9
9768,9,0,9
9769,9,0,9
976b,9,0,9
976d,9,0,9
9771,9,0,9
9774,9,0,9
9779,9,0,9
977a,9,0,9
977c,9,0,9
9781,9,0,9
9784,9,0,9
9785,9,0,9
9786,9,0,9
978b,9,0,9
978d,9,0,9
978f,9,0,9
9790,9,0,9
9798,9,0,9
979c,9,0,9
97a0,9,0,9
97a3,9,0,9
97a6,9,0,9
97a8,9,0,9
97ab,9,0,9
97ad,9,0,9
97b3,9,0,9
97b4,9,0,9
97c3,9,0,9
97c6,9,0,9
97c8,9,0,9
97cb,9,0,9
97d3,9,0,9
97dc,9,0,9
97ed,9,0,9
97ee,9,0,9
97f2,9,0,9
97f3,9,0,9
97f5,9,0,9
97f6,9,0,9
97fb,9,0,9
97ff,9,0,9
9801,9,0,9
9802,9,0,9
9803,9,0,9
9805,9,0,9
9806,9,0,9
9808,9,0,9
980c,9,0,9
980f,9,0,9
9810,9,0,9
9811,9,0,9
9812,9,0,9
9813,9,0,9
9817,9,0,9
9818,9,0,9
981a,9,0,9
9821,9,0,9
9824,9,0,9
982c,9,0,9
982d,9,0,9
9834,9,0,9
9837,9,0,9
9838,9,0,9
983b,9,0,9
983c,9,0,9
983d,9,0,9
9846,9,0,9
984b,9,0,9
984c,9,0,9
984d,9,0,9
984e,9,0,9
984f,9,0,9
9854,9,0,9
9855,9,0,9
9858,9,0,9
985b,9,0,9
985e,9,0,9
9867,9,0,9
986b,9,0,9
986f,9,0,9
9870,9,0,9
9871,9,0,9
9873,9,0,9
9874,9,0,9
98a8,9,0,9
98aa,9,0,9
98af,9,0,9
98b1,9,0,9
98b6,9,0,9
98c3,9,0,9
98c4,9,0,9
98c6,9,0,9
98db,9,0,9
98dc,9,0,9
98df,9,0,9
98e2,9,0,9
98e9,9,0,9
98eb,9,0,9
98ed,9,0,9
98ee,9,0,9
98ef,9,0,9
98f2,9,0,9
98f4,9,0,9
98fc,9,0,9
98fd,9,0,9
98fe,9,0,9
9903,9,0,9
9905,9,0,9
9909,9,0,9
990a,9,0,9
990c,9,0,9
9910,9,0,9
9912,9,0,9
9913,9,0,9
9914,9,0,9
9918,9,0,9
991d,9,0,9
991e,9,0,9
9920,9,0,9
9921,9,0,9
9924,9,0,9
9928,9,0,9
992c,9,0,9
992e,9,0,9
993d,9,0,9
993e,9,0,9
9942,9,0,9
9945,9,0,9
9949,9,0,9
994b,9,0,9
994c,9,0,9
9950,9,0,9
9951,9,0,9
9952,9,0,9
9955,9,0,9
9957,9,0,9
9996,9,0,9
9997,9,0,9
9998,9,0,9
9999,9,0,9
99a5,9,0,9
99a8,9,0,9
99ac,9,0,9
99ad,9,0,9
99ae,9,0,9
99b3,9,0,9
99b4,9,0,9
99bc,9,0,9
99c1,9,0,9
99c4,9,0,9
99c5,9,0,9
99c6,9,0,9
99c8,9,0,9
99d0,9,0,9
99d1,9,0,9
99d2,9,0,9
99d5,9,0,9
99d8,9,0,9
99db,9,0,9
99dd,9,0,9
99df,9,0,9
99e2,9,0,9
99ed,9,0,9
99ee,9,0,9
99f1,9,0,9
99f2,9,0,9
99f8,9,0,9
99fb,9,0,9
99ff,9,0,9
9a01,9,0,9
9a05,9,0,9
9a0e,9,0,9
9a0f,9,0,9
9a12,9,0,9
9a13,9,0,9
9a19,9,0,9
9a28,9,0,9
9a2b,9,0,9
9a30,9,0,9
9a37,9,0,9
9a3e,9,0,9
9a40,9,0,9
9a42,9,0,9
9a43,9,0,9
9a45,9,0,9
9a4d,9,0,9
9a55,9,0,9
9a57,9,0,9
9a5a,9,0,9
9a5b,9,0,9
9a5f,9,0,9
9a62,9,0,9
9a64,9,0,9
9a65,9,0,9
9a69,9,0,9
9a6a,9,0,9
9a6b,9,0,9
9aa8,9,0,9
9aad,9,0,9
9ab0,9,0,9
9ab8,9,0,9
9abc,9,0,9
9ac0,9,0,9
9ac4,9,0,9
9acf,9,0,9
9ad1,9,0,9
9ad3,9,0,9
9ad4,9,0,9
9ad8,9,0,9
9ade,9,0,9
9adf,9,0,9
9ae2,9,0,9
9ae3,9,0,9
9ae6,9,0,9
9aea,9,0,9
9aeb,9,0,9
9aed,9,0,9
9aee,9,0,9
9aef,9,0,9
9af1,9,0,9
9af4,9,0,9
9af7,9,0,9
9afb,9,0,9
9b06,9,0,9
9b18,9,0,9
9b1a,9,0,9
9b1f,9,0,9
9b22,9,0,9
9b23,9,0,9
9b25,9,0,9
9b27,9,0,9
9b28,9,0,9
9b29,9,0,9
9b2a,9,0,9
9b2e,9,0,9
9b2f,9,0,9
9b31,9,0,9
9b32,9,0,9
9b3b,9,0,9
9b3c,9,0,9
9b41,9,0,9
9b42,9,0,9
9b43,9,0,9
9b44,9,0,9
9b45,9,0,9
9b4d,9,0,9
9b4e,9,0,9
9b4f,9,0,9
9b51,9,0,9
9b54,9,0,9
9b58,9,0,9
9b5a,9,0,9
9b6f,9,0,9
9b74,9,0,9
9b83,9,0,9
9b8e,9,0,9
9b91,9,0,9
9b92,9,0,9
9b93,9,0,9
9b96,9,0,9
9b97,9,0,9
9b9f,9,0,9
9ba0,9,0,9
9ba8,9,0,9
9baa,9,0,9
9bab,9,0,9
9bad,9,0,9
9bae,9,0,9
9bb4,9,0,9
9bb9,9,0,9
9bc0,9,0,9
9bc6,9,0,9
9bc9,9,0,9
9bca,9,0,9
9bcf,9,0,9
9bd1,9,0,9
9bd2,9,0,9
9bd4,9,0,9
9bd6,9,0,9
9bdb,9,0,9
9be1,9,0,9
9be2,9,0,9
9be3,9,0,9
9be4,9,0,9
9be8,9,0,9
9bf0,9,0,9
9bf1,9,0,9
9bf2,9,0,9
9bf5,9,0,9
9c04,9,0,9
9c06,9,0,9
9c08,9,0,9
9c09,9,0,9
9c0a,9,0,9
9c0c,9,0,9
9c0d,9,0,9
9c10,9,0,9
9c12,9,0,9
9c13,9,0,9
9c14,9,0,9
9c15,9,0,9
9c1b,9,0,9
9c21,9,0,9
9c24,9,0,9
9c25,9,0,9
9c2d,9,0,9
9c2e,9,0,9
9c2f,9,0,9
9c30,9,0,9
9c32,9,0,9
9c39,9,0,9
9c3a,9,0,9
9c3b,9,0,9
9c3e,9,0,9
9c46,9,0,9
9c47,9,0,9
9c48,9,0,9
9c52,9,0,9
9c57,9,0,9
9c5a,9,0,9
9c60,9,0,9
9c67,9,0,9
9c76,9,0,9
9c78,9,0,9
9ce5,9,0,9
9ce7,9,0,9
9ce9,9,0,9
9ceb,9,0,9
9cec,9,0,9
9cf0,9,0,9
9cf3,9,0,9
9cf4,9,0,9
9cf6,9,0,9
9d03,9,0,9
9d06,9,0,9
9d07,9,0,9
9d08,9,0,9
9d09,9,0,9
9d0e,9,0,9
9d12,9,0,9
9d15,9,0,9
9d1b,9,0,9
9d1f,9,0,9
9d23,9,0,9
9d26,9,0,9
9d28,9,0,9
9d2a,9,0,9
9d2b,9,0,9
9d2c,9,0,9
9d3b,9,0,9
9d3e,9,0,9
9d3f,9,0,9
9d41,9,0,9
9d44,9,0,9
9d46,9,0,9
9d48,9,0,9
9d50,9,0,9
9d51,9,0,9
9d59,9,0,9
9d5c,9,0,9
9d5d,9,0,9
9d5e,9,0,9
9d60,9,0,9
9d61,9,0,9
9d64,9,0,9
9d6c,9,0,9
9d6f,9,0,9
9d72,9,0,9
9d7a,9,0,9
9d87,9,0,9
9d89,9,0,9
9d8f,9,0,9
9d9a,9,0,9
9da4,9,0,9
9da9,9,0,9
9dab,9,0,9
9daf,9,0,9
9db2,9,0,9
9db4,9,0,9
9db8,9,0,9
9dba,9,0,9
9dbb,9,0,9
9dc1,9,0,9
9dc2,9,0,9
9dc4,9,0,9
9dc6,9,0,9
9dcf,9,0,9
9dd3,9,0,9
9dd9,9,0,9
9de6,9,0,9
9ded,9,0,9
9def,9,0,9
9df2,9,0,9
9df8,9,0,9
9df9,9,0,9
9dfa,9,0,9
9dfd,9,0,9
9e1a,9,0,9
9e1b,9,0,9
9e1e,9,0,9
9e75,9,0,9
9e78,9,0,9
9e79,9,0,9
9e7d,9,0,9
9e7f,9,0,9
9e81,9,0,9
9e88,9,0,9
9e8b,9,0,9
9e8c,9,0,9
9e91,9,0,9
9e92,9,0,9
9e93,9,0,9
9e95,9,0,9
9e97,9,0,9
9e9d,9,0,9
9e9f,9,0,9
9ea5,9,0,9
9ea6,9,0,9
9ea9,9,0,9
9eaa,9,0,9
9ead,9,0,9
9eb8,9,0,9
9eb9,9,0,9
9eba,9,0,9
9ebb,9,0,9
9ebc,9,0,9
9ebe,9,0,9
9ebf,9,0,9
9ec4,9,0,9
9ecc,9,0,9
9ecd,9,0,9
9ece,9,0,9
9ecf,9,0,9
9ed0,9,0,9
9ed2,9,0,9
9ed4,9,0,9
9ed8,9,0,9
9ed9,9,0,9
9edb,9,0,9
9edc,9,0,9
9edd,9,0,9
9ede,9,0,9
9ee0,9,0,9
9ee5,9,0,9
9ee8,9,0,9
9eef,9,0,9
9ef4,9,0,9
9ef6,9,0,9
9ef7,9,0,9
9ef9,9,0,9
9efb,9,0,9
9efc,9,0,9
9efd,9,0,9
9f07,9,0,9
9f08,9,0,9
9f0e,9,0,9
9f13,9,0,9
9f15,9,0,9
9f20,9,0,9
9f21,9,0,9
9f2c,9,0,9
9f3b,9,0,9
9f3e,9,0,9
9f4a,9,0,9
9f4b,9,0,9
9f4e,9,0,9
9f4f,9,0,9
9f52,9,0,9
9f54,9,0,9
9f5f,9,0,9
9f60,9,0,9
9f61,9,0,9
9f62,9,0,9
9f63,9,0,9
9f66,9,0,9
9f67,9,0,9
9f6a,9,0,9
9f6c,9,0,9
9f72,9,0,9
9f76,9,0,9
9f77,9,0,9
9f8d,9,0,9
9f95,9,0,9
9f9c,9,0,9
9f9d,9,0,9
9fa0,9,0,9
e000,9,0,9
e001,9,0,9
e002,9,0,9
e003,9,0,9
e004,9,0,9
e005,9,0,9
e006,9,0,9
e007,9,0,9
e008,9,0,9
e009,9,0,9
e00a,9,0,9
e00b,9,0,9
e00c,9,0,9
e00d,9,0,9
e00e,9,0,9
e00f,7,1,9
e010,9,0,9
e011,9,0,9
e012,9,0,9
e013,5,2,9
e014,9,0,9
e015,9,0,9
e016,9,0,9
e017,9,0,9
e018,9,0,9
e019,9,0,9
e01a,9,0,9
e01b,9,0,9
e01c,9,0,9
e01d,9,0,9
e01e,9,0,9
e01f,9,0,9
e020,8,0,9
e021,8,0,9
e022,8,0,9
e023,5,3,9
e024,8,0,9
e025,8,0,9
e026,8,0,9
e027,5,0,9
e028,9,0,9
e029,9,0,9
e02a,9,0,9
e02b,9,0,9
e02c,9,0,9
e02d,9,0,9
e02e,9,0,9
e02f,9,0,9
e030,8,0,8
e031,1,1,3
e032,7,0,7
e033,9,0,9
e034,8,0,8
e035,8,0,8
e036,9,0,9
e037,9,0,9
e038,9,0,9
e039,9,0,9
e03a,9,0,9
e03b,9,0,9
e03c,9,0,9
e03d,9,0,9
e03e,9,0,9
e03f,9,0,9
ff01,1,4,9
ff03,9,0,9
ff04,7,1,9
ff05,9,0,9
ff06,9,0,9
ff08,3,5,9
ff09,3,1,9
ff0a,7,1,9
ff0b,7,1,9
ff0c,2,0,9
ff0d,7,1,9
ff0e,2,0,9
ff0f,9,0,9
ff10,9,0,9
ff11,2,3,9
ff12,9,0,9
ff13,9,0,9
ff14,9,0,9
ff15,9,0,9
ff16,9,0,9
ff17,9,0,9
ff18,9,0,9
ff19,9,0,9
ff1a,2,3,9
ff1b,2,3,9
ff1c,8,0,9
ff1d,7,1,9
ff1e,8,0,9
ff1f,6,1,9
ff20,9,0,9
ff21,9,0,9
ff22,9,0,9
ff23,9,0,9
ff24,9,0,9
ff25,9,0,9
ff26,9,0,9
ff27,9,0,9
ff28,9,0,9
ff29,1,4,9
ff2a,9,0,9
ff2b,9,0,9
ff2c,9,0,9
ff2d,9,0,9
ff2e,9,0,9
ff2f,9,0,9
ff30,9,0,9
ff31,9,0,9
ff32,9,0,9
ff33,9,0,9
ff34,9,0,9
ff35,9,0,9
ff36,9,0,9
ff37,9,0,9
ff38,9,0,9
ff39,9,0,9
ff3a,9,0,9
ff3b,4,4,9
ff3c,9,0,9
ff3d,4,1,9
ff3e,4,2,9
ff3f,9,0,9
ff40,2,3,9
ff41,7,1,9
ff42,7,1,9
ff43,7,1,9
ff44,7,1,9
ff45,7,1,9
ff46,5,2,9
ff47,7,1,9
ff48,7,1,9
ff49,1,4,9
ff4a,5,1,9
ff4b,7,1,9
ff4c,2,3,9
ff4d,9,0,9
ff4e,7,1,9
ff4f,8,0,9
ff50,7,1,9
ff51,7,1,9
ff52,7,1,9
ff53,7,1,9
ff54,7,1,9
ff55,7,1,9
ff56,7,1,9
ff57,9,0,9
ff58,7,1,9
ff59,7,1,9
ff5a,7,1,9
ff5b,4,4,9
ff5c,1,4,9
ff5d,4,1,9
ff5e,9,0,9
ff61,3,0,4
ff62,3,0,4
ff63,3,1,4
ff64,2,0,3
ff65,2,1,4
ff66,4,0,4
ff67,4,0,4
ff68,4,0,4
ff69,4,0,4
ff6a,3,0,3
ff6b,4,0,4
ff6c,4,0,4
ff6d,4,0,4
ff6e,4,0,4
ff6f,4,0,4
ff70,4,0,4
ff71,4,0,4
ff72,4,0,4
ff73,4,0,4
ff74,3,0,3
ff75,4,0,4
ff76,4,0,4
ff77,4,0,4
ff78,4,0,4
ff79,4,0,4
ff7a,4,0,4
ff7b,4,0,4
ff7c,4,0,4
ff7d,4,0,4
ff7e,4,0,4
ff7f,4,0,4
ff80,4,0,4
ff81,4,0,4
ff82,4,0,4
ff83,4,0,4
ff84,4,0,4
ff85,4,0,4
ff86,4,0,4
ff87,4,0,4
ff88,4,0,5
ff89,4,0,4
ff8a,4,0,4
ff8b,4,0,4
ff8c,4,0,4
ff8d,4,0,4
ff8e,4,0,4
ff8f,4,0,4
ff90,4,0,4
ff91,4,0,4
ff92,4,0,4
ff93,4,0,4
ff94,4,0,4
ff95,4,0,4
ff96,4,0,4
ff97,4,0,4
ff98,4,0,4
ff99,4,0,4
ff9a,4,0,4
ff9b,4,0,4
ff9c,4,0,4
ff9d,4,0,4
ff9e,3,0,4
ff9f,3,0,4
ffe0,7,1,9
ffe1,8,0,9
ffe2,8,0,9
ffe3,9,0,9
ffe5,7,1,9
